73.3023 780.449 181.461 707.685 85.9178 665.516 156.91 653.467
205.027 684.864 316.011 681.331 181.717 636.628 301.926 658.448
371.906 675.866 432.271 601.436 303.28 657.348 373.241 564.447
955.73 131.363 1064.14 85.3338 446.042 481.786 805.875 551.644
711.017 836.499 976.952 827.252 563.184 828.043 740.962 862.199
961.175 59.4361 988.985 112.008 745.782 532.951 772.396 415.863
547.736 1299.98 555.947 1207 353.937 1075.98 387.369 962.814
557.99 1208.21 698.966 1214.73 389.122 963.577 487.724 991.958
481.49 780.035 483.427 683.983 375.873 735.108 379.743 703.968
360.151 1300.01 371.989 1174 222.535 1045.16 262.798 910.939
382.976 1174.67 553.975 1180.71 263.992 911.026 383.751 945.857
199.098 708.997 204.221 854.992 169.684 713.954 179.466 646.922
696.821 1299.99 700.349 1248.02 464.769 1075.93 486.291 1001.08
574.97 1246.29 689.088 1258.15 401.114 986.609 481.952 1010.17
531.868 1299.99 541.539 1186.96 342.282 1075.79 379.418 948.122
519.989 1300 529.321 1190.94 336.921 1067.27 372.366 945.815
567.061 1291.42 654.923 1300.73 358.919 1063.28 399.016 1074.95
555.964 1221.36 691.01 1234.9 385.066 974.764 443.007 990.976
70.8973 774.847 183.961 698.942 83.1365 657.795 163.986 643.916
71.8975 777.848 177.691 706.542 83.9322 660.615 164.088 646.499
571.985 1269.14 696.968 1282.3 375.108 1008.63 474.155 1037.47
549.906 1281.88 696.041 1296.62 374.917 1060.28 417.114 1072.61
377.982 1183.47 454.986 1186.36 267.09 915.688 371.098 945.662
573.005 1276.95 686.025 1288.76 373.778 1012.77 474.047 1041.84
574.047 1261.55 698.027 1273.7 390.154 995.766 479.727 1023.95
266.353 695.021 271.411 854.019 220.105 761.016 236.144 656.868
271.084 696.997 275.195 852.994 222.998 761 238.961 656.146
273.669 696.976 276.498 777.018 225.363 762.058 242.796 652.126
255.344 697.989 260.383 853.988 211.852 760.135 229.064 651.851
262.701 696.009 264.281 746.023 217.391 761.06 233.47 656.918
572.063 1280.38 687.017 1290.77 385.736 1022.89 472.167 1048.43
394.98 705.052 469.346 734.115 329.092 709.347 370.967 715.235
572.969 1239.32 685.998 1250.02 393.982 996.06 480.191 1021.35
699.932 1274.68 802.317 1286.11 480.003 1028.99 548.143 1048.5
698.932 1277.65 799.091 1288.13 479.788 1031.73 546.966 1051.12
885.829 589.009 897.891 830.005 642.252 841.85 702.496 541.899
345.078 695.997 350.329 853.989 278.198 758.031 292.666 665.947
341.127 694.028 345.987 854.001 275.57 757.932 290.527 662.926
833.784 518.01 848.619 830.041 607.624 834.927 637.905 679.176
864.185 794.992 865.619 830.041 621.472 838.092 651.131 685.831
322.574 689.013 327.438 851.987 259.884 770.139 276.676 662.949
333.401 692.02 338.711 852.01 276.381 716.9 285.404 660.904
330.028 693.032 335.389 854.02 265.414 770.065 281.174 669.027
391.03 697.924 476.298 731.238 327.051 706.609 372.063 712.516
228.707 699.01 234.05 853.998 193.221 757.034 210.355 646.055
355.715 691.009 360.772 854.017 283.779 774.966 299.423 674.91
318.648 693.011 323.565 852.013 257.201 769.032 274.542 659.927
252.018 689.393 370.041 683.881 311.019 662.874 379.977 673.154
911.446 713.032 918.057 828.054 656.625 844.926 696.917 639.984
698.997 1290.03 799.021 1299.79 476.742 1042.91 536.987 1060.04
698.975 1282.25 800.035 1292.66 477.864 1038.47 540.116 1056.6
796.182 559.992 808.562 830.02 586.983 826.997 616.184 678.036
315.252 687.02 318.422 805.016 254.509 769.08 271.42 660.909
258.722 696.009 264.033 853.999 214.69 760.107 230.61 656.94
311.518 696.987 315.979 844.001 251.935 767.99 267.319 669.05
308.136 695.994 312.377 844.019 249.202 767.032 265.036 667.846
326.046 690.03 331.268 854.992 262.695 770.108 278.396 669.062
820.944 672.951 829.031 830.05 600.399 834.077 613.133 768.026
243.703 698.01 248.913 854.003 204.307 757.047 220.047 654.007
240.677 699.055 245.747 853.973 201.445 758.068 217.387 653.906
348.479 690.016 353.545 853.983 278.504 773.08 296.194 661.872
195.705 708.01 200.768 855.008 161.519 749.928 175.98 652.997
236.371 699.021 241.579 854.014 198.742 758.111 215.461 646.069
285.009 695 286.6 728.019 233.405 764.063 250.308 655.892
303.88 696.004 308.732 852.008 246.546 767.086 263.199 660.874
202.858 702.005 207.96 855.001 174.764 753.116 190.524 648.928
232.696 697.975 238.246 853.991 196.314 756.048 212.208 651.879
296.412 688.017 301.071 853.026 252.547 690.105 258.531 658.91
300.355 690.018 303.607 805.011 243.963 765.994 260.86 658.135
277.646 696.979 280.315 778.023 228.083 763.013 244.671 656.949
281.104 693.029 286.214 852.993 230.716 763.113 247.456 656.914
903.712 747.015 907.949 828.951 649.415 842.883 709.847 540.969
213.764 699.009 218.602 833.014 182.735 753.96 199.245 646.037
210.618 698.012 215.623 854.98 176.632 752.931 196.234 647.857
206.418 702.985 211.707 855.01 187.658 683.944 194.029 644.842
251.268 696.024 256.444 854.018 209.49 758.922 225.121 657.018
247.669 697.976 253.175 853.994 206.746 759.114 222.46 655.918
864.367 523.986 877.935 827.003 629.131 839.023 635.946 800.99
873.255 520.035 887.593 829.019 638.631 824.927 682.566 602.914
221.189 699.029 226.751 855.009 188.099 755.865 203.644 651.947
217.881 698.004 223.125 855 185.402 755.061 201.34 649.9
352.333 688.022 357.827 852.006 281.395 773.062 296.699 674.953
891.854 767.007 894.336 829.027 642.963 824.185 662.631 721.929
700.95 1251.52 779.976 1259.24 485.976 1011.08 523.035 1021.88
814.477 746.03 819.353 830.038 593.158 832.031 623.144 680.028
914.159 558.041 927.619 828.041 663.833 846.162 683.738 743.949
926.045 612.05 937.386 827.98 670.805 848.156 691.447 741.893
700.991 1259.09 801.98 1269.2 499.032 1019.89 538.937 1031.22
129.009 1026 131.871 982.057 49.1253 964.746 113.233 743.777
481.673 899.009 482.091 869.001 369.504 780.122 389.518 697.125
486.008 733 488.358 685.018 385.045 695.008 391.777 658.142
46.4005 734.342 69.2559 774.424 69.5784 637.126 86.6304 694.111
101.382 818.571 144.488 789.73 87.9765 692.865 136.08 684.46
87.9686 802.954 155.883 756.828 87.992 678.953 147.031 670.32
77.9546 787.932 171.904 724.857 85.0124 671.074 151.969 659.815
95.4095 815.606 142.733 783.604 88.8612 687.205 136.965 678.8
105.607 819.419 134.774 799.667 89.1594 689.911 134.981 681.894
89.29 805.431 150.945 763.919 83.9252 682.565 140.956 672.746
83.652 798.486 161.755 745.637 85.1525 673.888 149.959 662.76
477.062 573.009 478.092 676.009 387.143 651.851 402.472 563.908
53.2049 1147.99 54.2755 1178.02 24.0821 873.023 45.0878 797.745
102.691 1130.98 104.414 1238.06 35.7076 969.455 53.9237 907.98
0.813706 1103 1.38637 1138.01 0.21874 815.781 11.1588 776.764
215.976 893.447 377.978 886.481 156.912 750.456 230.071 764.635
189.712 747.975 193.59 858.979 156.422 749.06 169.557 656.937
200.883 865.009 203.972 906.002 166.937 750.991 172.248 715.037
185.413 738.019 187.661 806.011 153.752 748.964 166.431 660.918
598.001 1214.97 695.018 1219.28 451.791 993.723 483.995 1003.02
654.037 1257.65 684.019 1260.82 391.936 991.219 480.054 1016.82
64.9952 825.003 83.44 850.407 87.5598 694.838 96.5136 725.852
68.2732 769.406 188.107 690.235 81.8792 655.299 160.942 641.664
75.7241 782.592 175.908 714.865 85.1482 662.88 161.017 650.104
58.8801 754.825 109.849 722.551 81.0714 644.408 134.996 634.976
107.157 821.249 134.144 804.228 89.8746 695.272 130.864 688.21
48.9007 730.809 185.031 660.059 79.0691 636.414 112.15 630.897
69.2407 765.357 161.198 703.293 79.9521 652.717 166.993 637.956
61.7133 759.569 135.588 710.381 80.1585 649.927 149.026 638.154
57.9131 751.872 82.8918 734.841 79.8887 647.355 148.906 635.452
150.444 1289.95 155.842 1226.99 87.4745 969.221 108.695 898.91
113.179 1131.02 130.521 939.957 47.3716 946.817 94.8065 783.944
337.772 1299.98 350.293 1152.94 212.276 1031.08 246.697 912.202
91.1173 808.171 149.867 767.807 88.0712 684.426 139.959 675.757
410.894 764.98 412.822 851.011 320.655 782.942 329.544 730.091
171.582 768.013 174.462 858.985 143.612 742.943 151.928 686.136
175.029 752.999 178.672 858.977 145.95 744.144 155.697 679.954
178.699 752.009 181.758 859.019 148.454 747.067 158.45 679.066
150.576 810.977 152.465 859.021 132.054 746.008 138.298 702.042
736.037 1270.63 799.004 1276.96 508.034 1029.88 550.936 1042.22
939.718 513.963 942.198 561.99 685.079 850.823 705.229 746.044
1001.29 776.979 1004.1 814.993 712.936 855.987 761.82 610.163
840.83 517.965 844.113 594.995 621.821 785.966 641.535 681.912
844.757 198.988 845.332 235.011 651.676 683.139 683.146 529.825
338.587 686.988 342.634 851.98 278.847 718.137 287.748 662.959
366.417 785.987 368.571 852.982 286.501 775.078 301.983 676.154
370.565 1132.96 376.876 1062.08 272.485 867.855 288.557 810.875
700.968 1262.35 743.975 1266.28 483.042 1017.85 550.209 1037.28
368.088 691.997 371.511 819.017 289.058 776.009 305.915 669.986
434.186 799.988 435.123 850.005 331.196 783.043 337.903 752.196
223.843 697.713 230.638 854.013 190.658 756.101 207.526 646.081
363.65 524.007 364.966 588.001 324.258 594.021 326.018 547.001
378.671 704.979 383.392 853.019 297.047 777.008 310.466 693.914
383.214 712.994 387.334 851.02 299.779 777.126 312.865 694.043
847.754 197.006 848.625 233.009 665.376 639.076 687.253 530.051
192.912 746.966 196.795 859.014 164.2 750.029 169.341 715.05
414.52 761.985 417.096 850.026 322.634 783.222 330.086 743.015
852.427 194.988 853.47 231.015 659.175 682.829 690.449 531.886
161.021 779.03 163.42 858.018 134.49 747.074 142.047 697.007
370.996 694 374.784 820.015 294.476 776.076 307.283 696.045
57.6031 985.046 63.941 901.995 46.2202 773.818 58.246 736.742
53.6142 976.053 59.2668 910.023 48.5901 774.195 60.4823 738.159
187.673 806.976 189.517 857.981 158.985 749.998 172.568 657.083
374.789 819.958 376.483 852.027 291.647 776.105 306.412 685.067
394.565 724.984 397.855 852.007 310.249 780.882 319.337 723.053
402.55 745.014 405.931 851.971 312.733 781.12 322.097 723.852
406.637 749.982 408.903 852.166 315.424 781.07 324.851 724.141
289.587 728.98 293.9 853.003 235.941 764.991 252.309 659.892
303.481 805.981 305.284 851.989 241.286 766.044 253.12 690.019
386.754 715.008 390.928 852.002 302.261 778.882 307.325 747.052
422.747 775.005 424.336 849.014 325.745 784.134 333.856 739.154
293.218 699.023 297.803 853.006 238.589 765.093 250.412 690.065
392.39 771.989 394.671 851.981 304.855 778.976 317.145 704.024
347.851 529.995 348.234 598.999 307.232 606.978 308.148 575.004
716.988 1201.35 877.974 1206.78 488.727 996.911 557.174 1017.42
147.986 851.001 148.539 805.94 130.381 745.041 134.924 706.989
1004.47 663.03 1007.01 707.999 720.604 856.118 738.255 766.05
858.276 374.024 858.855 335.993 642.954 764.991 658.535 686.907
854.06 790.998 855.49 829.982 614.525 837.102 626.17 777.033
164.791 782.005 166.822 859.011 137.29 746.045 145.156 695.024
168.836 781.084 170.761 857.007 138.634 749.222 148.956 687.993
182.502 752.984 185.853 857.005 150.821 748.973 162.098 673.015
430.388 788.993 431.336 850.027 328.466 784.087 334.263 752.863
398.536 734.982 402.48 851.984 307.587 779.097 317.077 721.847
154.314 802.99 155.805 859.013 126.703 746.097 131.279 713.039
