113 1131 130 940 49 964 113 743
114 1222 109 1299 123 748 60 957
631 305 397 417 778 230 323 390
755 33 842 141 725 82 777 228
634 296 714 255 625 287 676 269
466 862 465 893 391 658 385 694
645 412 618 473 600 344 551 422
605 487 649 392 544 424 597 340
316 444 185 267 324 385 264 216
373 1051 331 1053 335 787 231 764
188 690 68 769 156 653 85 665
821 518 826 640 85 673 149 662
199 910 479 899 181 636 301 658
397 852 394 725 303 657 373 564
353 593 464 565 375 564 402 531
511 793 501 528 381 789 444 481
1103 1191 1251 1197 801 569 762 762
976 827 711 836 740 862 563 828
521 840 510 527 417 641 426 602
603 835 591 524 475 654 482 623
558 837 547 526 441 662 452 609
535 837 531 714 452 800 458 770
513 838 512 969 467 683 464 729
939 513 942 561 772 415 745 532
216 896 372 889 483 603 475 642
676 522 689 827 539 648 507 816
595 730 599 833 492 725 476 807
240 699 245 853 537 584 530 614
669 625 665 524 573 667 597 551
519 888 516 841 522 819 551 667
661 522 671 773 557 565 545 626
723 584 727 675 582 607 574 646
1005 520 1010 686 840 397 811 549
606 997 681 994 534 404 476 484
531 1299 541 1187 353 1075 387 962
138 1300 150 1159 70 1001 142 752
57 985 63 902 24 873 45 797
463 170 750 34 408 190 722 80
528 838 517 527 100 737 176 640
738 908 737 1010 743 1 767 70
1132 1018 1055 1020 940 900 772 868
1052 903 1025 463 771 866 849 448
796 1212 887 1215 564 999 613 1012
878 1204 884 1123 615 1011 636 935
895 1123 889 1217 644 938 620 1021
175 752 178 858 305 531 407 522
168 1098 166 1135 136 801 111 889
1095 487 1187 482 861 448 940 461
880 515 883 591 750 392 723 527
1045 593 1040 533 837 558 856 456
9 915 2 1001 11 776 0 815
360 1300 371 1174 222 1045 262 911
382 1174 553 1180 263 911 383 945
111 681 336 567 379 922 273 892
703 1210 774 1213 501 980 563 998
281 428 315 470 158 17 339 481
700 1248 696 1299 486 1001 465 1075
135 710 62 759 305 661 329 719
285 694 286 727 379 690 373 724
557 1208 698 1214 401 986 481 1010
367 929 211 936 689 962 854 1008
960 1293 967 1091 659 1075 688 964
529 1190 520 1299 372 945 337 1066
573 1253 698 1266 367 1035 465 1064
574 1246 688 1258 383 1033 468 1057
95 1108 67 1016 31 962 24 887
161 699 65 764 160 641 82 655
399 657 456 679 329 635 378 642
987 674 982 522 804 545 830 406
43 1093 64 1030 0 945 21 910
454 1186 378 1183 371 945 267 915
696 184 737 237 649 208 669 266
904 1058 899 1116 662 887 647 937
579 1215 691 1226 391 996 479 1023
873 1200 719 1196 611 1005 494 974
877 1123 873 1198 632 933 613 1003
761 1112 700 1112 640 927 508 898
698 1112 696 1161 506 899 493 948
62 1024 40 1091 22 902 3 935
702 1181 706 1121 493 971 511 907
555 1221 690 1234 382 1018 472 1044
155 1226 150 1289 108 898 87 968
104 1112 123 901 47 946 94 784
350 1152 337 1299 246 912 212 1030
480 780 484 836 379 683 313 674
69 771 184 694 86 668 153 656
479 853 201 863 391 620 344 612
379 883 454 880 314 671 378 680
902 744 893 516 726 528 753 409
343 855 478 849 349 605 391 612
799 1288 699 1277 543 1069 474 1049
370 932 472 929 327 700 372 707
692 1230 577 1218 480 1021 394 996
475 846 444 799 200 563 263 548
669 523 672 625 571 669 549 779
829 830 820 673 607 834 637 679
820 672 815 519 638 678 667 534
848 830 833 518 621 838 651 685
360 854 355 691 276 716 285 661
363 785 364 850 279 718 270 771
1067 1180 1065 1276 749 1035 740 1075
683 930 602 932 41 830 73 836
392 771 394 851 301 676 286 774
119 902 101 1105 475 1045 542 1064
897 830 885 589 656 844 696 640
937 827 926 612 705 743 732 612
370 1132 376 1062 272 867 288 811
698 1282 799 1292 477 1038 539 1056
788 833 781 676 578 829 606 689
700 1259 801 1269 483 1017 549 1037
808 830 796 560 586 826 616 678
22 1086 45 1020 289 776 305 670
790 648 784 521 619 660 646 527
707 1119 895 1118 610 925 643 932
894 1094 899 1027 644 930 667 852
430 788 431 849 207 646 190 755
406 749 408 851 310 693 297 776
412 851 410 765 299 777 312 694
293 853 289 729 204 757 220 654
286 728 290 852 217 653 201 757
752 685 745 519 596 669 606 618
850 671 844 519 659 682 690 532
187 806 185 738 134 747 141 697
29 1087 57 1006 294 776 307 696
627 264 530 139 594 295 541 147
286 852 281 693 198 758 215 646
232 697 238 853 299 631 303 568
57 995 26 1087 306 685 291 775
420 850 418 764 310 780 319 723
414 761 417 849 317 721 307 779
422 775 424 848 322 723 312 781
427 850 425 776 315 781 324 724
708 676 703 522 550 824 580 672
781 669 776 559 610 670 632 563
538 604 547 837 742 817 773 659
383 853 378 705 304 778 316 704
202 702 207 854 307 606 308 575
887 829 873 520 649 842 709 541
56 542 1 621 209 758 225 657
927 828 914 558 677 847 738 544
910 710 906 602 692 733 731 546
720 104 760 154 679 124 703 192
704 1228 803 1237 488 996 556 1017
554 184 622 272 538 162 583 285
368 852 366 786 267 770 276 718
51 1093 67 1045 130 745 134 707
700 1243 806 1253 485 1011 522 1021
813 742 804 520 593 832 622 680
877 827 864 524 642 764 658 687
1108 471 1153 470 871 438 940 448
