486.092 329.002 487.284 283.007 431.574 320.044 432.426 308.956
296.174 354.077 299.316 387.971 215.09 311.99 218.847 347.016
301.997 419.991 322.894 413.652 219 375.98 238.993 376.364
320.985 344.939 324.126 395.992 238.413 350.969 240.223 374.983
221.889 178.329 370.761 153.082 359.017 150.862 375.026 152.785
548.054 231.219 619.912 213.638 494 269.98 657.023 275.318
578.724 77.9761 579.595 137.98 658.709 173.972 663.963 119.092
566.313 95.9937 566.961 127.981 654.125 173.933 658.106 122.008
536.73 252.971 537.82 242.98 524.099 297.018 526.093 285.838
540.742 255.021 541.114 242.003 513.274 285.026 513.635 294.977
515.948 166.543 554.904 162.151 528.056 192.191 593.019 196.723
556.407 163.844 559.465 171.822 593.704 209.027 594.128 198.005
521.028 178.198 557.994 172.956 529.996 206.069 591.971 209.517
307.498 350.038 310.168 385.063 223.694 315.935 225.204 331.981
411.872 311.001 412.156 379.999 335.942 364.001 336.252 380.995
342.721 318.004 343.033 339 255.229 296.014 255.572 315.008
343.945 316.789 363.905 311.631 257.013 294.74 278.01 295.807
365.801 312.969 368.592 385.977 280.321 297.98 284.177 359.989
388.796 397.33 410.245 390.804 309.998 387.203 351.996 387.517
312.967 339.894 330.81 334.385 199.019 306.155 242.997 307.127
374.185 364.003 374.511 342.008 292.721 333.994 293.009 320
436.107 355.337 454.806 349.39 360.994 364.214 385.977 364.87
398.858 151.118 425.96 146.75 393.017 153.307 653.006 159.771
369.985 155.827 394.995 156.27 375.958 157.654 388.969 158.484
463.08 282.313 480.239 277.939 406.021 299.298 419.026 298.37
456.86 319.993 457.066 345.999 396.809 311.003 397.583 356.007
187.719 382.039 197.507 452.069 121.799 308.028 130.005 366.999
188.772 380.097 212.996 373.986 123.04 307.597 141.971 307.558
214.705 372.038 223.912 443.011 141.38 308.945 149.857 367.877
601.174 240.026 602.369 232.055 622.17 298.779 624.477 290.127
387.711 110.987 388.511 155.009 386.634 152.039 389.275 108.956
358.295 109.979 361.395 154.043 368.39 151.009 369.251 113.006
295.804 338.243 308.023 335.088 212.006 299.924 223.935 300.841
353.395 378.918 367.384 372.892 272.085 356.55 283.13 354.843
421.084 361.999 421.337 380.009 344.583 371.007 344.733 380.004
415.869 310.996 416.182 382.004 337.18 306.991 339.709 384.011
433.953 145.659 564.969 127.776 611.992 155.767 653.222 158.366
226.884 183.269 377.287 157.594 299.986 157.717 360.983 158.897
582.774 279.982 583.594 269.967 589.886 343.997 590.258 330.979
594.863 265.976 595.136 275.996 606.317 343.034 607.518 331.948
526.744 295.981 527.687 282.977 494.745 359.988 496.467 322.975
603.381 289.041 605.725 248.046 623.758 371.093 629.336 312.973
580.223 303.704 602.235 296.744 582.984 370.543 622.009 371.137
579.345 300.933 598.337 293.912 583.044 366.16 619.049 368.065
536.953 305.997 538.691 278.98 513.381 362.041 514.83 322.022
530.359 279.848 541.972 274.935 497.045 318.613 513.062 320.458
524.779 341.018 525.63 317.976 489.92 387.996 492.877 320.995
278.021 295.095 305.007 289.032 185.997 258.083 492.016 269.585
532.828 265.697 541.458 260.807 501.046 304.395 514.102 302.874
391 338 391 322 305.604 315.021 307.556 352.023
391.54 342.975 392.238 357.989 300.847 312.011 305.395 378.042
377.799 390.973 381.019 367.003 294.991 368.001 296.905 384.011
420.774 319.014 421.728 334.956 343.296 342.942 344.439 329.036
343.007 344 345.214 378.987 254.196 339.974 255.821 352.024
382.27 315.852 418.149 304.47 311.967 304.545 336.996 306.068
486.039 255.363 500.974 253.76 425.896 276.601 451.01 280.94
459.247 266.799 475.263 261.853 395.028 281.384 414.001 280.014
661.332 334.525 687.127 318.2 739.001 442.483 766.001 442.446
647.021 332.802 659.979 334.198 727.047 435.909 737.748 441.484
379.868 434.653 471.002 400.005 357.989 416.192 726.008 436.85
517.295 321.002 517.419 298.002 476.846 368.04 478.321 336.968
539.949 314.063 542.266 279.018 524.407 341.061 526.527 326.929
642.299 279.39 661.175 288.643 721.936 377.093 745.478 393.306
572.809 328.048 591.076 324.377 550.991 395.168 593.035 397.323
381.814 440.506 421.04 454.89 299.859 425.188 308.33 431.561
601.066 305.171 618.219 298.57 631.955 377.451 659.973 380.266
586.227 138.982 587.264 93.983 674.39 179.049 681.315 124.04
371.198 90.0213 376.763 151.025 382.871 149.066 386.059 106.929
525.897 301.002 526.228 316.017 504.715 363.049 507.332 325.023
