377.977 156.197 395.041 157.619 370.268 156.421 500.629 216.801
363.88 147.986 368.269 109.03 362.649 153.089 368.541 110.074
263.085 134.524 348.06 149.665 310.143 127.701 361.381 152.204
213.585 192.508 262.396 136.344 253.495 191.458 309.705 130.652
409.656 477.62 565.088 563.841 189.475 270.266 341.492 570.258
378.791 545.763 464.311 570.378 215.672 526.439 259.175 562.846
386.345 537.556 410.385 522.62 216.837 524.494 274.743 506.278
455.034 505.181 459.669 529.874 292.365 537.573 306.921 515.947
377.616 499.373 411.95 479.884 252.883 483.514 290.842 474.347
110.599 337.796 127.856 324.808 168.971 290.597 197.222 287.634
214.386 394.482 231.309 374.417 203.674 362.356 224.024 352.048
170.509 397.255 217.973 365.959 212.003 368.046 235.035 366.534
215.011 417.061 266.726 402.075 197.997 319.771 213.001 319.825
351.275 547.434 392.863 523.347 199.854 518.457 253.041 506.381
457.717 228.959 512.924 245.258 385.72 234.362 415.64 257.466
462.043 215.135 526.236 232.158 395.339 220.533 427.58 245.46
301.003 568.892 315.019 569.242 145.727 532.584 157.881 538.255
281.981 569.626 299.995 570.163 120.832 517.317 145.348 530.346
308.048 219.783 331.024 224.891 296.042 208.941 307.115 216.839
309.954 213.205 336.211 219.054 307.095 207.868 315.221 213.692
351.634 535.64 366.732 520.808 202.901 508.733 224.844 500.58
232.072 230.794 391.174 286.502 279.444 237.559 332.574 290.428
