487 283 486 328 418 305 417 351
320 344 324 395 226 315 230 347
307 350 310 384 215 311 218 346
300 419 297 389 217 375 212 312
528 316 531 280 504 363 507 325
603 289 605 248 623 370 629 312
618 298 601 305 619 368 583 366
601 247 598 291 626 315 620 368
538 278 536 305 514 322 513 361
278 295 304 289 185 258 491 269
377 157 227 183 359 153 294 152
548 231 618 213 493 269 656 275
630 200 586 140 682 273 669 177
532 265 540 261 539 299 564 297
541 242 540 254 513 285 513 294
480 327 482 282 484 370 483 356
503 337 520 329 405 390 447 393
462 321 461 332 401 321 401 352
391 338 391 322 315 352 314 314
393 296 390 311 305 315 307 351
515 166 554 162 528 192 592 196
557 172 521 178 591 209 530 206
411 311 412 379 335 364 336 379
392 357 391 343 305 378 300 312
363 311 344 316 278 295 257 294
375 336 376 316 284 359 280 298
420 319 421 333 344 329 343 341
388 397 409 390 255 360 281 363
327 374 324 412 244 307 246 322
312 339 330 334 199 306 242 307
342 318 343 338 257 321 256 335
382 315 417 304 311 304 336 306
454 349 436 355 385 364 361 364
457 345 456 320 388 365 389 329
516 328 499 334 432 359 399 357
459 266 474 262 395 281 413 280
315 480 339 481 315 437 333 420
486 330 459 340 382 359 370 359
272 323 229 332 196 278 188 278
269 319 266 305 174 254 181 224
489 334 491 294 431 337 431 328
197 452 187 382 130 366 121 308
188 380 212 374 123 307 141 307
214 372 223 442 141 308 149 367
254 423 234 429 148 369 130 368
107 529 38 382 36 280 38 267
418 225 393 230 381 228 335 229
284 486 313 481 184 434 210 429
517 298 517 320 478 336 476 367
602 232 601 239 624 290 622 297
450 483 513 507 647 450 721 467
509 385 475 398 692 468 618 483
645 333 513 383 493 445 437 433
265 493 232 493 161 414 144 411
407 353 406 316 524 341 526 327
474 399 507 443 569 429 573 472
235 424 261 417 157 356 188 359
168 372 169 383 103 325 110 357
261 436 278 432 133 375 206 377
295 338 307 335 212 299 222 300
461 343 487 335 550 395 592 397
353 378 367 372 272 356 282 354
173 455 154 351 97 293 96 282
368 385 365 313 274 283 274 267
393 217 432 210 339 216 385 216
511 404 525 403 510 390 511 365
156 341 250 318 168 271 181 275
220 329 267 318 141 274 167 273
154 346 212 332 129 272 139 273
517 137 450 148 654 164 459 159
400 318 401 357 315 360 315 377
