280 293 286 354 2 571 1 1
554 340 623 224 391 359 509 245
609 199 396 158 500 216 370 156
368 109 363 147 368 110 362 152
348 149 263 134 361 152 310 128
549 494 561 376 402 522 405 367
521 369 520 383 349 453 399 521
635 321 607 338 529 362 493 369
508 387 508 376 341 570 189 270
109 299 169 281 191 266 233 261
216 330 372 407 238 285 335 434
653 387 723 407 637 453 689 481
512 245 458 229 415 257 386 234
632 358 627 398 544 405 538 458
688 338 752 365 480 474 481 446
638 320 633 357 550 359 544 394
481 365 479 415 587 396 595 375
651 375 652 357 581 451 588 405
610 420 602 426 452 482 427 488
573 449 578 419 447 480 449 456
723 437 703 435 653 511 631 504
756 456 735 457 677 544 666 540
714 420 709 428 669 489 647 499
712 429 718 423 647 503 678 488
617 420 603 432 356 431 356 361
411 479 378 499 290 474 252 483
104 327 131 321 135 292 167 292
170 397 217 366 165 360 222 340
266 402 215 416 241 378 185 383
93 388 55 372 122 341 102 320
111 365 174 365 147 323 178 328
54 366 80 364 124 317 146 321
707 332 735 333 681 325 765 386
86 346 56 354 106 309 86 316
91 358 54 359 151 318 108 311
35 304 74 303 191 295 193 308
144 395 106 421 152 354 109 365
105 422 68 452 107 367 62 386
67 447 34 447 60 383 37 379
2 570 1 1 13 375 28 365
4 434 89 406 29 365 125 351
91 403 143 393 126 351 162 351
268 433 247 473 226 397 127 460
192 461 237 432 164 406 194 400
231 374 214 394 224 352 204 361
41 328 50 316 115 286 141 270
64 485 72 476 4 438 52 405
86 454 167 442 96 394 128 395
90 502 47 533 60 419 29 435
335 530 389 501 250 462 268 458
105 513 83 529 62 431 25 450
225 328 221 276 275 328 272 276
647 382 642 400 377 447 364 429
227 309 228 326 279 276 280 309
408 476 103 297 253 506 200 518
236 272 240 338 292 292 294 341
395 412 396 343 305 371 303 355
243 508 261 457 277 240 347 309
445 102 437 162 446 96 443 122
446 448 545 494 334 369 335 416
442 299 345 266 332 290 280 238
