400.673 318.004 401.127 357.01 377.794 320.008 379.357 359.026
536.953 305.997 538.691 278.98 539.333 325.956 541.616 290.975
539.949 314.063 542.266 279.018 546.932 289.99 547.078 302.999
480.593 327.022 482.277 281.973 472.68 336.031 473.136 326.006
462.158 299.839 464.254 288.858 462.496 337.009 463.287 291.987
463.08 282.313 480.239 277.939 461.964 289.637 475.924 288.241
391 338 391 322 368.784 321.985 370.343 357.973
384.886 335.997 385.258 322.979 360.012 324.999 361.052 340.997
296.174 354.077 299.316 387.971 263.602 345.04 266.932 378.007
304.425 350.978 305.249 366.987 273.592 345.016 274.141 358.994
307.498 350.038 310.168 385.063 276.799 344.014 279.222 378.055
316.742 348.979 317.114 361.997 286.758 357.019 287.108 343.003
472.326 329.977 473.23 304.008 458.704 339.027 459.128 328.005
461.551 332.951 462.741 321.972 448.987 339 449.161 312.994
594.863 265.976 595.136 275.996 611.553 307.037 612.155 298.01
587.952 291.996 589.357 272.953 603.619 309.041 604.221 300.015
580.841 292.962 583.028 283.769 593.229 311.887 594.831 300.975
456.86 319.993 457.066 345.999 438.617 355.015 439.269 328.007
525.897 301.002 526.228 316.017 525.892 315.003 526.242 329.019
584.68 294.031 585.136 284.006 601.502 294.968 602.136 285.009
540.742 255.021 541.114 242.003 542.68 253.969 543.136 263.994
221.249 182.379 277.447 293.774 209.381 171.959 239.5 287.142
548.054 231.219 619.912 213.638 240.915 287.423 655.057 226.388
586.355 140.468 630.163 200.882 617.389 148.353 655.892 215.063
568 76.9265 583 76.9485 599.992 82.0662 614.999 81.9338
559.505 87.5772 567.398 78.3405 591.703 92.7229 599.917 83.9224
566.313 95.9937 566.961 127.981 598.656 103.012 599.752 133.973
433.953 145.659 564.969 127.776 458.997 145.965 598.049 134.603
398.858 151.118 425.96 146.75 398.956 151.44 446.972 147.645
369.985 155.827 394.995 156.27 366.968 155.622 390.01 156.794
358.295 109.979 361.395 154.043 361.792 108.953 364.369 152.038
387.711 110.987 388.511 155.009 387.233 155.984 388.159 111.003
221.889 178.329 370.761 153.082 366.93 153.276 383.963 151.623
515.096 168.411 519.548 178.205 525.629 174.13 528.762 183.083
515.948 166.543 554.904 162.151 526.991 172.836 573.964 170.333
556.407 163.844 559.465 171.822 575.213 171.918 578.271 179.896
521.028 178.198 557.994 172.956 530.037 185.447 577.042 181.505
528.42 316.035 531.401 279.951 532.157 307.016 533.368 295.037
526.744 295.981 527.687 282.977 526.688 308.979 527.717 293.981
270.169 315.788 281.847 313.286 234.043 305.884 246.964 305.259
266.449 305.132 269.784 319.052 198.748 182.795 228.237 290.209
379.868 434.653 471.002 400.005 56.0235 493.11 435.141 411.655
37.8717 382.059 107.416 529.299 54.4595 492.09 56.2393 350.984
220.941 329.767 268.217 317.86 118.056 326.212 229.925 308.523
384.81 388.996 385.39 363.986 357.502 320.979 360.145 390.007
386.156 390.457 412.195 381.571 362.06 390.291 391.063 384.305
214.705 372.038 223.912 443.011 178.852 356.879 188.48 424.932
188.772 380.097 212.996 373.986 152.958 360.749 176.951 356.707
187.719 382.039 197.507 452.069 151.34 362.1 161.539 429.07
199.069 452.238 224.261 444.894 163.069 430.394 187.039 426.227
320.985 344.939 324.126 395.992 290.02 338.998 295.171 407.082
524.779 341.018 525.63 317.976 522.498 354.963 524.28 330.947
526.117 342.334 541.039 337.111 524.014 356.064 547.213 350.97
542.912 336.078 546.485 273.887 547.609 349.049 552.692 285.975
730.026 327.982 737.317 338.786 748.425 342.963 749.567 355.95
702.73 311.455 712.542 324.595 738.5 329.641 747.237 341.83
659.785 291.398 680.288 302.466 669.098 289.836 721.452 325.372
680.891 304.079 688.545 314.604 722.584 326.877 725.732 341.846
661.332 334.525 687.127 318.2 715.289 347.578 724.089 343.178
653.684 330.133 677.763 321.35 704.816 349.21 714.015 347.063
474.812 398.49 509.846 385.581 443.134 408.573 654.069 359.295
556.954 334.863 571.926 329.783 571.241 350.466 596.795 342.242
301.997 419.991 322.894 413.652 269.014 411.066 292.995 405.978
297.53 389.043 300.256 419.068 264.574 380.051 268.176 409.979
376.875 339.798 380.577 355.867 351.957 344.011 354.617 354.848
377.799 390.973 381.019 367.003 351.916 387.988 355.044 366.006
365.801 312.969 368.592 385.977 339.466 325.985 341.265 381.024
343.007 344 345.214 378.987 311.776 327.937 315.699 378.99
552.954 464.67 579.991 460.933 504.003 482.92 532.001 483.985
489.618 334.022 491.045 294.002 477.46 340.019 479.577 288.982
459.811 340.482 486.297 330.812 448.023 346.124 475.979 340.888
503.656 337.269 521.425 328.903 500.166 346.764 518.184 342.844
284.921 486.561 313.881 481.342 218.99 472.581 259 470.863
707.753 404.068 712.526 368.779 707.217 425.55 716.119 410.068
687.042 405.356 706.004 402.956 673.996 440.176 685.99 440.439
653.68 379.274 666.089 390.905 658.387 422.484 671.462 439.301
603.314 352.397 652.255 379.674 609.44 374.444 636.879 396.153
623.21 290.483 683.954 315.114 689.109 328.703 710.765 336.642
707.997 339.977 726.002 338.014 732.01 369.773 766.094 372.647
632.794 346.345 654.748 359.423 641.605 369.441 660.601 386.446
511.975 404.6 525.982 403.714 485.132 416.04 497.044 417.676
622.251 443.688 657.318 430.87 613.943 464.574 628.942 462.567
575.584 444.262 586.243 452.692 535.218 466.819 544.714 478.238
666.488 426.619 681.382 445.702 639.777 456.668 648.754 477.678
634.578 405.283 645.499 398.847 612.817 433.4 634.26 426.85
586.316 363.154 612.957 373.115 580.393 382.2 613.721 398.569
723.726 433.381 741.178 453.848 698.781 469.13 721.653 509.23
717.976 427.276 729.996 426.879 700.01 467.801 713.027 468.487
532.828 265.697 541.458 260.807 533.045 276.12 544.339 271.91
728.188 389.579 742.023 408.984 729.711 431.119 735.862 446.057
729.69 387.875 734.538 375.814 730.566 429.648 744.428 412.537
508.555 446.817 517.862 475.045 461 513 464.684 458.075
474.734 399.461 507.781 444.426 450.316 408.906 463.956 454.715
351.76 484.721 364.675 473.622 304 472 314.117 468.321
365.368 461.079 366.846 472.894 314.065 467.01 315.43 457.914
369.531 459.484 403.051 493.951 325.91 464.666 342.916 511.031
371.198 90.0213 376.763 151.025 371.353 107.976 374.281 150.981
421.889 456.525 516.871 476.611 371.739 458.685 459.887 492.296
598.665 292.048 601.931 247.068 615.872 311.089 620.706 263.97
603.381 289.041 605.725 248.046 620.152 313.013 624.494 263.043
580.223 303.704 602.235 296.744 593.098 320.427 619.111 314.488
579.345 300.933 598.337 293.912 592.778 317.052 614.02 312.086
353.395 378.918 367.384 372.892 316.961 375.745 339.052 372.34
517.295 321.002 517.419 298.002 514.117 310.991 515.293 326.978
601.174 240.026 602.369 232.055 610.956 255.992 613.088 244.826
235.212 424.745 262.031 417.108 203.052 406.478 225.009 404.084
329.747 454.027 331.865 473.908 277.025 467.009 283.975 447.991
196.221 508.415 200.844 517.083 142.139 493.333 151.724 518.107
198.024 461.075 223.955 452.858 162.03 438.167 191.167 432.928
218.33 367.077 226.141 434.984 181.173 348.976 192.317 427.955
214.644 357.083 242.151 346.389 190.996 336.981 204.08 334.404
228.954 332.778 272.163 323.496 205.029 317.398 228.884 316.209
204.572 348.972 205.303 364.034 165.28 328.948 168.585 346.892
233.137 440.418 258.07 432.213 208.726 421.191 221.314 416.929
234.748 429.193 254.053 423.169 199.957 411.743 219.895 408.377
310.786 304.03 336.101 298.457 304.96 288.863 316.836 285.432
342.721 318.004 343.033 339 298.792 306.013 299.518 318.029
316.331 314.028 317 306 283.704 309.027 284.128 298.005
312.967 339.894 330.81 334.385 277.154 333.799 298.147 329.764
295.804 338.243 308.023 335.088 263.969 329.779 276.995 327.965
436.107 355.337 454.806 349.39 401.936 366.576 436.893 361.291
421.084 361.999 421.337 380.009 399.744 377.935 402.256 368.065
447.6 415.904 449.375 426.94 418.913 415.906 421.495 440.949
413.791 423.605 454.742 437.748 378.736 425.506 410.097 442.775
291.186 388.986 292.864 412.01 257.471 398.955 258.662 385.057
208.808 509.779 238.006 516.976 152.925 486.345 162.143 488.342
453.487 372.138 456.668 360.906 439.784 376.964 441.297 367.883
382.27 315.852 418.149 304.47 358.995 314.976 384.081 309.362
578.724 77.9761 579.595 137.98 609.542 144.016 609.735 83.0009
420.774 319.014 421.728 334.956 394.507 314.995 395.155 385.999
226.884 183.269 377.287 157.594 209.987 176.882 371.061 159.563
452.904 415.659 459.712 433.732 413.301 416.14 415.262 425.948
427.986 425.089 447.968 428.203 389.768 427.669 410.68 434.922
590.012 402.642 629.01 401.233 566.87 425.157 615.981 427.348
602.369 390.255 609.308 380.213 590.357 413.435 600.731 401.643
156.14 341.544 250.947 318.321 174.935 312.602 214.027 307.785
370.988 306.959 385.877 302.58 341.959 304.703 359.985 302.779
495.93 415.036 506.483 435.27 473.225 409.284 479.754 427.09
280.929 426.712 293.172 423.7 221.095 423.545 255.108 417.619
440.575 133.858 446.042 94.0036 442.952 128.996 446.264 42.0067
461.946 343.841 487.975 334.927 448.113 350.533 477.087 344.411
601.066 305.171 618.219 298.57 595.926 325.679 623.816 319.208
406.772 316.983 407.098 353.998 386.103 321.002 387.098 355.998
486.092 329.002 487.284 283.007 475.619 291.959 476.155 299.99
305.593 370.958 306.651 385.954 274.802 365.021 276.198 377.979
582.774 279.982 583.594 269.967 595.052 295.922 595.865 285.989
586.227 138.982 587.264 93.983 617.798 146.991 619.994 99.9997
411.872 311.001 412.156 379.999 390.817 312.983 392.253 382.995
486.039 255.363 500.974 253.76 484.964 262.693 492.972 261.759
664.995 343.964 700.046 339.347 681.03 370.574 726.01 368.196
618.86 285.384 675.238 307.614 647.658 305.61 687.915 328.151
676.462 369.303 689.849 348.901 680.403 399.486 707.82 376.783
642.299 279.39 661.175 288.643 648.706 294.697 696.156 314.675
525.123 511.67 549.149 520.598 516.364 555.196 546.06 569.913
375.427 336.028 376.728 315.982 348.747 327.969 350.088 317.011
449.073 148.497 517.192 137.658 435.027 153.304 525.928 145.191
663.456 289.171 700.888 311.145 717.345 302.665 727.673 313.317
