468.704 332.027 469.128 321.005 446.704 345.027 447.128 334.005
449.687 301.984 450.547 284.977 434.959 345 435.084 299.997
480.593 327.022 482.277 281.973 447.33 315.018 448.169 300.009
406.772 316.983 407.098 353.998 367.772 336.017 368.103 321.002
384.886 335.997 385.258 322.979 340.045 321.018 340.774 359.004
542.912 336.078 546.485 273.887 545.977 300.996 546.026 314
528.42 316.035 531.401 279.951 527.57 339.023 530.677 305.079
526.744 295.981 527.687 282.977 520.664 340.027 522.563 303.965
307.498 350.038 310.168 385.063 253.714 334.907 256.062 352.992
304.425 350.978 305.249 366.987 251.218 336.045 252.26 354.043
316.742 348.979 317.114 361.997 264.482 334.971 265.208 346.987
594.863 265.976 595.136 275.996 620.528 325.096 622.352 315.064
584.68 294.031 585.136 284.006 607.619 325.041 608.221 316.015
582.774 279.982 583.594 269.967 598.411 327.963 599.045 318.003
587.952 291.996 589.357 272.953 610.865 324.989 611.677 315.055
561.88 282.79 572.761 276.581 616.018 295.085 624.074 293.34
436.107 355.337 454.806 349.39 409.032 362.211 425.116 359.767
461.551 332.951 462.741 321.972 422.944 327.001 423.374 355.01
463.08 282.313 480.239 277.939 428.11 291.491 454.02 291.438
548.054 231.219 619.912 213.638 443.931 260.178 654.962 242.547
586.355 140.468 630.163 200.882 639.593 154.74 674.846 235.068
315.133 286.563 535.146 234.62 213.042 278.533 443.936 260.192
221.249 182.379 277.447 293.774 202.127 165.082 212.584 276.945
221.889 178.329 370.761 153.082 204.024 165.293 291.923 158.06
369.985 155.827 394.995 156.27 365.007 156.185 384.018 155.514
387.711 110.987 388.511 155.009 384.07 154.009 387.508 126.938
459.247 266.799 475.263 261.853 460.988 268.276 484.031 269.308
489.618 334.022 491.045 294.002 469.489 350.014 472 291
461.946 343.841 487.975 334.927 432.122 355.916 467.036 351.274
459.811 340.482 486.297 330.812 431.974 351.777 466.09 347.764
486.092 329.002 487.284 283.007 466.435 346.011 467.798 293.995
456.86 319.993 457.066 345.999 424.34 381.074 426.337 371.856
515.096 168.411 519.548 178.205 530.789 181.059 533.621 191.107
515.948 166.543 554.904 162.151 531.99 179.229 585.994 178.516
556.407 163.844 559.465 171.822 587.042 179.989 589.415 188.889
521.028 178.198 557.994 172.956 535.029 191.922 588.007 190.225
540.742 255.021 541.114 242.003 534.682 273.991 534.955 263.999
384.81 388.996 385.39 363.986 335.475 320.033 339.744 387.992
411.872 311.001 412.156 379.999 371.869 316.98 373.429 383.99
386.156 390.457 412.195 381.571 341.035 388.326 371.998 384.983
109.937 530.822 379.753 435.303 28.0408 457.389 231.006 436.057
342.721 318.004 343.033 339 288.762 310.004 289.02 325
343.945 316.789 363.905 311.631 289.951 308.285 314.97 306.566
365.801 312.969 368.592 385.977 312.502 326.968 313.136 317.009
343.007 344 345.214 378.987 288.548 326.052 293.584 369.933
270.169 315.788 281.847 313.286 210.947 296.441 221.944 295.403
266.449 305.132 269.784 319.052 206.891 280.836 210.221 298.959
320.985 344.939 324.126 395.992 267.055 329.996 271.969 396.929
301.997 419.991 322.894 413.652 245.07 400.632 269.986 397.872
296.174 354.077 299.316 387.971 237.116 336.985 245.072 398.991
295.804 338.243 308.023 335.088 239.027 321.215 255.028 319.222
228.954 332.778 272.163 323.496 189.012 305.275 205.008 305.549
187.719 382.039 197.507 452.069 131.124 343.132 141.047 408.993
214.705 372.038 223.912 443.011 157.302 341.955 166.972 406.855
199.069 452.238 224.261 444.894 142.016 409.408 165.984 408.31
358.295 109.979 361.395 154.043 365.629 108.989 366.354 152.011
371.198 90.0213 376.763 151.025 371.121 114.997 372.095 152.024
601.066 305.171 618.219 298.57 628.939 341.62 649.061 338.38
580.223 303.704 602.235 296.744 590.929 337.496 625.097 332.694
598.665 292.048 601.931 247.068 624.907 330.989 630.577 281.066
532.828 265.697 541.458 260.807 531.424 285.878 540.287 281.594
603.381 289.041 605.725 248.046 627.633 332.222 634.468 279.047
426.535 354.962 428.191 334.933 389.905 342.001 390.178 363.011
526.117 342.334 541.039 337.111 517.998 367.987 544.052 364.376
524.779 341.018 525.63 317.976 516.298 330.989 517.273 357.99
517.295 321.002 517.419 298.002 506.391 347.016 507.245 326.01
398.858 151.118 425.96 146.75 398.974 152.467 437.977 150.535
329.747 454.027 331.865 473.908 280.636 445.916 282.899 463.013
235.212 424.745 262.031 417.108 175.025 391.38 215.98 388.697
353.395 378.918 367.384 372.892 294.032 370.407 317.046 368.586
427.986 425.089 447.968 428.203 364.941 440.103 374.628 445.65
447.6 415.904 449.375 426.94 384.962 438.986 392.248 419.091
579.345 300.933 598.337 293.912 596.063 332.58 623.071 329.662
382.27 315.852 418.149 304.47 351.008 311.065 377.113 307.941
214.644 357.083 242.151 346.389 155.94 326.339 166.94 325.339
316.331 314.028 317 306 259.68 302.031 260.136 292.006
330.279 310.054 331.329 324.05 274.213 298.974 275.906 313.011
358.14 305.408 374.292 299.849 305.055 299.424 323.012 297.093
375.427 336.028 376.728 315.982 339.423 303.019 339.721 311.976
503.656 337.269 521.425 328.903 478.069 358.457 509.949 353.662
421.084 361.999 421.337 380.009 375.067 309.015 375.934 388.09
226.884 183.269 377.287 157.594 203.975 170.646 368.014 159.207
275.447 319.861 283.385 315.742 225.872 301.14 238.883 299.21
234.748 429.193 254.053 423.169 177.989 394.816 195.982 393.712
233.137 440.418 258.07 432.213 172.178 406.632 198.933 402.559
312.967 339.894 330.81 334.385 253.099 325.855 275.911 323.227
498.24 334.697 516.181 328.527 480.938 350.536 501.112 347.838
156.14 341.544 250.947 318.321 153.946 298.391 195.166 296.097
148.041 531.989 150.166 539.956 82.9465 501.301 95.1912 462.743
530.359 279.848 541.972 274.935 539.024 292.212 573.906 288.185
198.024 461.075 223.955 452.858 133.994 417.958 149.955 415.685
472.326 329.977 473.23 304.008 446.872 317.005 447.296 328.027
536.953 305.997 538.691 278.98 536.381 338.041 538.362 301.961
317.157 368.984 318.468 381.953 264.977 352.85 267 366
305.593 370.958 306.651 385.954 252.455 354.947 253.848 367.018
590.642 262.954 591.785 253.973 614.403 293.944 615.441 282.947
536.73 252.971 537.82 242.98 501.323 283.008 501.676 268.016
212.3 188.851 268.115 300.943 197.568 240.938 203.268 281.256
220.941 329.767 268.217 317.86 157.04 302.44 203.021 298.235
154.806 346.212 212.978 331.909 113.999 305.993 142.059 303.726
653.684 330.133 677.763 321.35 715.918 378.553 751.026 372.145
513.732 383.286 645.877 333.673 689.067 385.352 715.076 380.398
188.772 380.097 212.996 373.986 133.057 342.712 155.989 340.868
659.785 291.398 680.288 302.466 663.399 317.78 731.701 369.579
381.814 440.506 421.04 454.89 310.502 436.514 332.837 458.168
656.403 358.303 674.984 369.028 746.151 401.013 765.991 404.056
622.251 443.688 657.318 430.87 666.103 501.222 680.122 503.071
540.836 386.021 586.883 378.301 511.004 414.838 550.006 415.712
324.635 545.839 348.753 491.333 272.531 525.16 279.18 503.054
208.808 509.779 238.006 516.976 153.84 477.12 165.016 475.088
231.981 493.758 265.013 493.195 140.831 450.941 164.154 455.142
655.439 279.395 667.76 288.331 693.268 329.543 720.349 345.405
618.21 449.813 647.093 442.359 562 550.111 578.867 556.267
247.903 388.618 259.896 385.587 189.932 360.463 199.898 359.195
413.791 423.605 454.742 437.748 348.44 424.457 355.65 433.286
137.825 315.121 167.828 309.136 13.0627 283.26 30.0387 279.16
664.995 343.964 700.046 339.347 726.162 399.957 766.038 393.228
356.001 281.934 367.999 282.066 280.936 283.357 297.965 281.653
378.444 365 378.444 357 329.5 355.121 332.875 369.03
377.799 390.973 381.019 367.003 331.314 382.963 332.493 392.942
122.808 284.122 195.068 268.313 87.031 247.282 99.9845 245.859
325.918 354.001 326.178 374.011 269.177 330.98 272.37 373.026
572.809 328.048 591.076 324.377 577.974 362.797 601.971 359.77
663.456 289.171 700.888 311.145 716.093 354.671 736.53 364.875
642.299 279.39 661.175 288.643 665.233 315.644 679.164 324.749
647.021 332.802 659.979 334.198 679.916 379.386 723.041 374.381
