480.593 327.022 482.277 281.973 431.574 320.044 432.426 308.956
296.174 354.077 299.316 387.971 215.09 311.99 218.847 347.016
462.158 299.839 464.254 288.858 400.879 317.996 401.276 305.976
226.884 183.269 377.287 157.594 294.005 152.59 359.007 153.41
369.985 155.827 394.995 156.27 359.017 150.862 375.026 152.785
548.054 231.219 619.912 213.638 494 269.98 657.023 275.318
578.724 77.9761 579.595 137.98 658.709 173.972 663.963 119.092
566.313 95.9937 566.961 127.981 654.125 173.933 658.106 122.008
536.73 252.971 537.82 242.98 524.099 297.018 526.093 285.838
540.742 255.021 541.114 242.003 513.274 285.026 513.635 294.977
515.948 166.543 554.904 162.151 528.056 192.191 593.019 196.723
556.407 163.844 559.465 171.822 593.704 209.027 594.128 198.005
521.028 178.198 557.994 172.956 529.996 206.069 591.971 209.517
307.498 350.038 310.168 385.063 223.694 315.935 225.204 331.981
320.985 344.939 324.126 395.992 335.942 364.001 336.252 380.995
301.997 419.991 322.894 413.652 306.97 379.641 335.002 380.953
342.721 318.004 343.033 339 255.229 296.014 255.572 315.008
343.945 316.789 363.905 311.631 257.013 294.74 278.01 295.807
365.801 312.969 368.592 385.977 280.321 297.98 284.177 359.989
312.967 339.894 330.81 334.385 199.019 306.155 242.997 307.127
376.875 339.798 380.577 355.867 292.721 333.994 293.009 320
382.27 315.852 418.149 304.47 311.967 304.545 336.996 306.068
398.858 151.118 425.96 146.75 393.017 153.307 653.006 159.771
463.08 282.313 480.239 277.939 406.021 299.298 419.026 298.37
449.687 301.984 450.547 284.977 396.809 311.003 397.583 356.007
486.092 329.002 487.284 283.007 433.434 358.024 436.421 303.968
109.937 530.822 379.753 435.303 357.989 416.192 726.008 436.85
187.719 382.039 197.507 452.069 121.799 308.028 130.005 366.999
188.772 380.097 212.996 373.986 123.04 307.597 141.971 307.558
214.705 372.038 223.912 443.011 141.38 308.945 149.857 367.877
388.291 221.284 391.464 229.215 328.039 228.899 329.407 215.937
365.368 461.079 366.846 472.894 381.724 447.879 387.484 434.773
601.174 240.026 602.369 232.055 622.17 298.779 624.477 290.127
387.711 110.987 388.511 155.009 386.634 152.039 389.275 108.956
358.295 109.979 361.395 154.043 368.39 151.009 369.251 113.006
316.331 314.028 317 306 222.642 282.954 223.785 273.973
295.804 338.243 308.023 335.088 212.006 299.924 223.935 300.841
353.395 378.918 367.384 372.892 272.085 356.55 283.13 354.843
393.945 217.75 433.018 210.059 339.995 216.594 386.988 216.031
420.774 319.014 421.728 334.956 337.18 306.991 339.709 384.011
433.953 145.659 564.969 127.776 611.992 155.767 653.222 158.366
329.747 454.027 331.865 473.908 360.541 467.049 366.349 432.889
388.796 397.33 410.245 390.804 405.965 390.412 448.005 393.937
407.842 536.497 427.136 530.433 366.002 514.942 381.987 515.421
449.073 148.497 517.192 137.658 458.978 159.88 654.019 164.758
