103.917 84.8127 180.039 51.0886 118.978 103.995 129.256 58.8307
181.563 51.5553 232.282 115.777 131.045 58.6407 160.951 62.391
301.656 336.994 302.13 391.999 326.765 347.965 328.318 381.985
274.999 397.995 302.145 393.983 313.003 384.108 327.019 383.758
282.754 349.001 282.875 379 309.64 346.015 311.151 383.035
240.988 401.909 265.095 398.72 287.974 382.245 304.994 384.058
250.039 356.001 250.366 400.222 287.381 344.01 288.002 381
273.652 396.995 274.335 344.991 304.5 345.976 306.497 386.976
275.061 504.742 284.98 507.086 311.231 452.352 324.028 456.922
220.48 544.704 230.226 527.56 276.363 482.763 282.322 466.748
234.642 552.916 243.394 533.677 281.28 486.133 288.175 471.608
244.632 543.634 259.602 528.603 289.911 470.822 298.711 466.422
275.99 533.935 283.961 532.739 300.029 466.73 312.104 468.048
260.981 518.515 279.992 517.786 301.093 459.407 316.039 461.751
245 533 258.452 523.244 287.761 464.073 299.979 460.918
179.649 61.469 202.998 90.002 136.06 70.5279 205.942 79.4542
88.8586 635.955 92.816 559.031 189.461 390.987 194.498 563.968
298.556 538.503 309.406 550.637 324.664 472.834 328.723 489.069
283.181 525.429 295.86 529.441 311.583 462.215 323.147 470.802
247.895 512.483 272.88 507.409 290.814 452.199 306.877 448.47
315.398 536.121 320.806 563.039 334.865 490.996 335.058 538
308.913 552.015 310.736 562.877 324.136 477.991 324.774 488.014
265.755 396.996 266.717 343.013 298.841 382.003 298.937 356
281.262 517.394 299.341 525.212 315.429 457.413 331.105 468.856
95.0407 565.072 120.036 566.168 193.984 493.304 210.998 492.918
391.959 344.331 468.901 353.806 397.629 364.632 413.145 373.754
127.056 391.691 138.85 393.83 215.109 366.717 240.227 376.412
392.003 350.976 472.928 360.602 306.552 296.866 407.04 348.923
180.603 165.375 216.757 200.251 137.063 157.358 210.946 164.584
286.276 510.469 301.732 518.515 325.242 456.794 333.039 465.967
230.435 526.269 246.737 513.659 292.837 456.183 309.952 452.76
213.175 544.555 224.426 523.69 282.744 465.71 291.776 457.746
171.424 145.555 215.578 191.406 132.972 151.294 209.027 157.704
137.141 120.409 149.991 115.974 132.869 150.006 133.062 122
104.191 171.549 128.084 163.242 134.954 195.889 136.132 205.985
102.07 414.187 127.276 404.737 150.001 316.956 171.977 317.683
268.984 500.068 294.967 506.143 308.124 447.48 333.129 453.462
393.993 376.071 420.947 378.568 392.241 378.117 416.779 384.811
60.7478 519.964 62.8847 504.984 127.238 423.008 128.323 392.011
241.514 530.797 259.486 519.203 294.087 459.403 301.936 457.703
147.008 637.903 162.977 639.273 283.004 572.185 309.013 571.622
280.047 287.79 362.925 306.333 337.765 196.736 356.746 202.796
450.078 279.32 468.223 274.92 433.012 275.456 475.993 273.929
