400.673 318.004 401.127 357.01 341.138 317.024 342.151 352.996
548.054 231.219 619.912 213.638 508.988 261.882 681.015 256.516
586.355 140.468 630.163 200.882 656.75 163.774 683.947 254.016
578.724 77.9761 579.595 137.98 647.683 157.041 650.537 110.033
566.313 95.9937 566.961 127.981 640.723 147.983 642.734 115.983
398.858 151.118 425.96 146.75 397.014 152.986 593.256 152.268
278.021 295.095 305.007 289.032 197.006 269.249 508.001 262.014
221.889 178.329 370.761 153.082 362.052 151.372 378.025 152.703
536.73 252.971 537.82 242.98 529.259 284.028 530.342 274.037
459.811 340.482 486.297 330.812 596 347.721 631.001 347.685
307.498 350.038 310.168 385.063 238.961 326.004 242.017 357.998
316.742 348.979 317.114 361.997 248.225 327.984 250.353 357.975
468.704 332.027 469.128 321.005 608.602 341.04 609.398 328.96
472.326 329.977 473.23 304.008 611.873 341.989 612.789 331.066
480.593 327.022 482.277 281.973 623.866 340.982 625.223 331.03
384.886 335.997 385.258 322.979 322.371 319.036 324.441 354.975
386.156 390.457 412.195 381.571 324.998 384.743 359.003 384.541
415.869 310.996 416.182 382.004 357.08 307.998 359.314 382.991
343.945 316.789 363.905 311.631 275.001 301.924 297.009 302.163
365.801 312.969 368.592 385.977 298.204 303.99 301.333 367.984
411.872 311.001 412.156 379.999 354.569 314.985 356.43 383.988
375.427 336.028 376.728 315.982 307.886 310.003 308.258 323.021
384.81 388.996 385.39 363.986 312.765 381.988 313.589 365.979
388.796 397.33 410.245 390.804 319.016 392.503 354.012 391.385
382.27 315.852 418.149 304.47 321.046 309.8 345.025 308.436
391 338 391 322 332.678 317.972 334.27 356.989
436.107 355.337 454.806 349.39 371.045 365.386 388.045 363.382
296.174 354.077 299.316 387.971 226.148 326.066 227.142 338.989
304.425 350.978 305.249 366.987 234.75 325.871 237.372 341.108
515.096 168.411 519.548 178.205 531.868 187.023 533.603 197.069
515.948 166.543 554.904 162.151 532.959 185.381 592.006 186.297
556.407 163.844 559.465 171.822 593.063 187.985 594.937 196.015
521.028 178.198 557.994 172.956 535 198 593.006 198.768
342.721 318.004 343.033 339 270.463 305.039 272.814 337.014
325.918 354.001 326.178 374.011 253.555 329.947 257.758 386.019
320.985 344.939 324.126 395.992 251.506 331.036 255.983 392.929
297.53 389.043 300.256 419.068 221.701 326.038 230.413 393.947
280.929 426.712 293.172 423.7 183.997 393.553 218.996 393.336
270.169 315.788 281.847 313.286 197.006 285.864 207.031 286.32
266.449 305.132 269.784 319.052 191.728 270.833 195.644 287.852
343.007 344 345.214 378.987 274.996 366.005 275.1 346.001
187.719 382.039 197.507 452.069 122.364 326.093 131.566 389.063
188.772 380.097 212.996 373.986 123.976 325.661 145.021 326.44
214.705 372.038 223.912 443.011 144.85 328.065 155.191 388.973
199.069 452.238 224.261 444.894 133 390 154 390
379.868 434.653 471.002 400.005 19.0197 425.861 383.989 417.501
301.997 419.991 322.894 413.652 231.001 389.071 255.008 388.849
388.291 221.284 391.464 229.215 342.859 228.999 342.974 218
601.174 240.026 602.369 232.055 628.932 287.156 631.3 273.05
486.092 329.002 487.284 283.007 627.525 347.061 633.73 293.968
312.967 339.894 330.81 334.385 240.029 317.378 257.005 316.064
295.804 338.243 308.023 335.088 229.009 310.89 236.954 311.552
235.212 424.745 262.031 417.108 164.002 375.255 198 374.958
433.953 145.659 564.969 127.776 592.001 150.136 640.004 149.945
353.395 378.918 367.384 372.892 285.057 364.471 300.078 362.638
387.711 110.987 388.511 155.009 381.834 155.959 387.797 107.965
447.6 415.904 449.375 426.94 352.678 429.364 358.823 417.905
393.945 217.75 433.018 210.059 352.952 218.012 400.984 215.664
198.024 461.075 223.955 452.858 128.046 397.7 159.043 395.65
233.137 440.418 258.07 432.213 162.013 388.531 188.022 387.912
376.875 339.798 380.577 355.867 306.815 332.936 308.718 357.022
358.295 109.979 361.395 154.043 368.823 108.995 369.083 150.999
226.884 183.269 377.287 157.594 242.018 162.633 363.006 159.214
369.985 155.827 394.995 156.27 397.002 158.083 425.01 157.434
220.941 329.767 268.217 317.86 92.841 290.47 183.013 287.401
461.946 343.841 487.975 334.927 595.011 352.21 626.031 350.601
559.505 87.5772 567.398 78.3405 635.701 103.729 644.299 94.2715
486.039 255.363 500.974 253.76 445.973 272.704 470.011 274.517
532.828 265.697 541.458 260.807 516.99 294.944 531.069 292.379
489.618 334.022 491.045 294.002 631.497 346.057 638.094 288.895
456.86 319.993 457.066 345.999 587.382 331.918 591.478 350.897
305.593 370.958 306.651 385.954 237.273 345.978 238.344 358.972
275.447 319.861 283.385 315.742 196.004 290.121 208.024 289.724
513.732 383.286 645.877 333.673 725.975 405.08 765.964 404.216
495.93 415.036 506.483 435.27 644.721 435.664 652.827 453.081
109.937 530.822 379.753 435.303 126.012 430.951 150.954 437.183
49.8652 561.474 89.8066 551.245 4.11193 435.561 33.0185 442.927
234.748 429.193 254.053 423.169 167.013 378.738 183.023 379.547
540.836 386.021 586.883 378.301 727.984 425.714 756.001 423.864
586.227 138.982 587.264 93.983 661.641 166.06 665.947 119.995
86.201 327.598 94.8369 310.421 42.5263 256.961 44.5202 232.96
