16 254.925 417.454 28 211.922 403.066
20 476.141 67.6294 22 476.151 68.5629
28 601.395 390.104 23 592.072 412.93
36 695.564 422.598 34 671.076 457.717
43 348.375 465.28 50 295.945 459.371
51 460.464 395.723 49 436.261 402.725
56 208.584 431.517 63 173.079 411.996
57 208.584 431.517 64 173.079 411.996
58 356.431 366.992 47 327.995 362.027
59 591.786 348.618 51 593.329 368.842
69 397.744 373.373 62 374.466 374.618
70 725.452 410.592 48 718.777 448.533
73 373.835 484.48 82 317.421 478.661
80 311.476 402.618 72 279.638 394.735
88 448.019 424.649 77 412.653 430.608
90 426.783 369.488 91 405.949 373.325
108 672.631 354.986 95 681.463 383.654
110 447.041 339.651 90 431.972 344.809
111 447.041 339.651 89 431.972 344.809
114 633.023 380.257 81 626.615 404.061
115 633.023 380.257 80 626.615 404.061
122 653.915 369.195 83 653.783 395.776
130 207.92 363.58 122 170.506 346.481
143 411.87 275.544 118 389.637 277.332
157 434.169 298.972 124 416.219 302.851
158 434.169 298.972 125 416.219 302.851
167 215.888 502.338 156 160.195 479.297
180 440.633 50.3304 144 440.525 50.3081
181 273.331 300.544 251 237.22 293.042
183 511.565 392.728 127 491.965 406.228
185 293.292 318.362 170 259.221 310.45
188 438.162 79.807 189 438.389 79.9539
193 550.781 168.895 160 569.55 176.877
197 525.299 172.031 165 535.708 179.046
198 525.299 172.031 164 535.708 179.046
204 485.379 504.654 152 413.287 514.039
208 695.552 494.368 147 644.585 535.311
211 254.334 506.432 223 192.057 487.411
213 425.865 218.938 183 414.062 221.39
214 425.865 218.938 184 414.062 221.39
219 697.848 478.203 134 656.538 516.172
220 675.337 485.219 141 624.129 521.916
221 675.337 485.219 142 624.129 521.916
226 376.984 389.523 198 352.03 386.721
227 396.885 225.529 209 379.21 226.258
228 396.885 225.529 210 379.21 226.258
233 625.704 204.192 250 652.913 219.123
235 652.983 351.329 163 661.1 376.837
239 267.6 532.486 214 191.793 512.706
240 407.146 157.306 206 405.484 158.924
241 613.772 365.913 146 612.903 388.65
242 613.772 365.913 145 612.903 388.65
243 591.391 459.916 176 543.73 484.009
249 412.44 521.017 153 334.288 519.692
250 533.238 399.53 158 511.91 414.915
251 307.92 327.239 202 275.01 320.286
252 307.92 327.239 201 275.01 320.286
259 427.14 526.031 197 348.522 527.999
260 264.642 518.61 297 195.584 499.774
263 662.983 430.458 187 636.926 462.02
279 291.615 421.068 162 257.834 410.103
281 646.535 428.406 239 621.537 457.775
284 292.324 402.639 231 258.612 392.73
289 360.484 470.158 309 309.724 464.514
291 266.881 284.963 228 230.629 277.07
303 356.074 152.317 237 357.799 150.801
304 389.348 162.976 276 386.55 163.174
307 664.614 458.838 195 625.722 493.324
310 494.173 434.585 235 455.776 446.535
312 192.146 508.506 260 137.776 481.49
314 361.881 384.746 242 333.952 381.984
315 621.998 467.863 243 572.904 496.33
316 341.962 492.168 298 280.511 482.09
320 573.838 438.532 292 534.86 459.915
321 426.414 328.654 254 406.596 332.824
346 612.507 378.288 272 604.959 400.504
350 640.342 396.429 293 628.287 423.355
355 648.07 454.05 299 608.283 484.345
359 680.077 456.11 287 643.419 492.263
361 690.687 388.519 338 685.959 422.41
366 617.415 488.411 285 560.652 516.915
369 477.919 254.419 282 466.971 260.659
370 275.99 316.859 346 240.398 307.44
371 681.362 474.229 257 637.65 511.13
372 245.426 370.617 336 209.419 357.142
380 418.986 459.264 328 368.897 460.843
383 320.281 409.486 369 289.806 402.274
388 563.088 505.732 302 493.581 526.362
389 281.503 436.738 451 246.086 424.242
401 494.257 420.1 376 461.796 431.75
411 427.861 265.806 363 407.819 268.757
412 272.159 329.15 382 236.779 318.924
418 261.171 423.452 392 226.12 409.741
420 246.183 517.833 452 181.198 496.593
423 261.208 357.414 388 225.375 345.918
426 260.583 337.297 370 224.49 326.613
431 680.714 505.704 266 623.864 544.892
435 390.197 100.187 419 390.931 100.892
439 659.014 493.232 387 602.739 528.469
441 530.672 510.093 269 458.031 526.727
442 674.937 429.064 277 649.908 463.112
444 561.606 434.037 470 523.852 453.49
447 377.817 440.697 409 338.074 438.252
449 385.27 274.42 368 359.605 274.518
459 572.923 447.95 416 531.76 469.226
460 504.51 350.118 321 499.186 361.536
471 314.382 380.506 377 284.064 372.983
480 295.175 329.431 475 261.201 321.503
481 85.6363 529.963 544 40.5779 488.485
486 382.296 91.6931 521 384.23 91.6874
487 350.529 274.716 444 319.017 272.44
489 256.773 324.38 469 223.085 313.116
490 520.44 325.366 403 518.328 336.841
495 321.101 543.471 532 236.96 530.537
497 436.684 287.878 352 418.048 293.248
498 436.684 287.878 353 418.048 293.248
501 749.568 458.817 389 724.04 505.324
502 692.252 375.183 520 694.21 409.068
503 413.876 502.819 531 343.712 503.443
509 579.88 366.487 401 575.212 385.199
510 435.495 304.607 476 416.535 308.474
516 222.342 357.289 519 184.946 342.287
525 447.606 481.666 541 386.338 486.882
526 227.391 504.149 550 169.79 481.989
531 302.83 385.009 381 271.132 375.553
533 465.437 328.841 357 453.918 335.127
535 201.759 510.605 687 146.558 483.799
536 483.892 528.647 404 403.567 538.894
537 483.892 528.647 405 403.567 538.894
538 219.031 348.977 569 182.441 333.93
539 365.993 287.103 420 337.744 286.627
540 365.993 287.103 421 337.744 286.627
542 370.212 403.761 456 342.485 401.763
544 558.126 285.993 361 564.108 299.874
545 689.267 483.502 473 640.793 522.187
546 260.682 442.812 434 224.889 428.272
549 395.697 543.265 584 307.443 541.199
552 333.433 478.407 698 278.808 469.818
559 389.265 357.171 378 366.222 356.82
561 279.839 230.279 586 256.285 224.419
564 304.33 474.517 609 251.595 462.867
574 357.987 402.608 556 330.017 398.997
575 554.894 233.592 524 559.479 244.746
578 301.623 549.02 782 217.028 531.734
582 564.098 415.357 385 536.522 435.136
585 576.267 129.187 582 606.715 136.646
591 451.609 369.648 496 436.54 375.492
595 600.976 418.976 424 572.214 442.571
596 481.492 482.712 510 419.232 492.151
600 608.571 352.104 499 613.494 373.55
601 647.14 496.427 570 587.915 529.063
602 648.707 418.159 466 625.351 447.434
604 409.19 359.551 564 388.306 361.921
605 409.19 359.551 563 388.306 361.921
606 610.308 396.946 480 594.927 421.09
609 255.869 372.584 605 219.918 359.883
610 255.869 372.584 606 219.918 359.883
617 267.281 343.933 593 231.889 333.27
619 369.558 464.591 535 319.61 461.3
620 421.033 423.348 517 385.815 426.437
625 590.012 373.605 571 583.08 393.47
629 417.143 545.085 710 327.363 545.544
632 448.347 300.419 487 432.267 305.065
636 384.536 187.867 542 375.939 187.905
638 253.288 332.483 641 216.682 321.164
647 467.265 349.68 501 454.435 356.762
648 606.446 472.107 498 553.556 497.968
651 380.203 154.599 656 377.381 154.66
652 640.913 405.636 631 624.203 433.931
654 665.388 439.899 615 635.344 472.554
658 585.558 142.701 707 616.033 150.576
663 658.605 453.277 504 621.459 484.825
665 253.216 365.692 640 217.394 352.981
667 368.037 443.324 572 327.239 439.825
671 430.894 349.013 677 412.384 352.666
673 597.934 474.316 490 543.608 498.811
675 416.052 531.146 740 333.12 531.41
681 737.381 498.59 552 693.394 546.008
682 430.956 381.743 644 412.485 385.649
686 572.983 290.607 464 582.83 304.503
691 257.16 476.996 696 204.784 459.699
692 520.662 509.538 636 447.321 524.297
696 551.55 248.519 523 556.089 259.99
702 599.414 234.35 578 616.206 248.531
703 599.414 234.35 579 616.206 248.531
704 409.658 335.591 777 389.128 337.675
705 520.786 337.764 596 519.135 350.589
709 685.399 490.991 482 634.918 529.764
710 685.399 490.991 483 634.918 529.764
715 600.918 412.265 492 578.513 436.169
717 660.826 480.429 613 611.283 514.702
722 284.114 297.578 625 249.242 289.575
734 270.929 309.367 808 235.426 299.817
737 353.354 464.508 776 303.244 459.021
740 327.495 530.789 671 247.633 519.951
742 256.259 348.418 703 221.249 336.659
743 251.62 391.725 799 215.035 378.417
745 217.506 340.817 694 180.256 326.34
750 676.598 491.068 461 624.042 527.762
752 432.513 280.63 832 412.976 284.028
753 524.675 461.333 529 474.306 476.74
755 248.151 409.497 893 211.514 394.284
756 248.151 409.497 894 211.514 394.284
760 559.24 386.007 670 543.391 403.848
763 630.957 355.187 508 634.517 377.745
765 757.482 455.919 515 733.197 503.4
766 504.098 318.955 652 498.588 328.91
767 504.098 318.955 651 498.588 328.91
768 598.46 265.029 705 616.463 280.809
769 559.26 331.497 645 565.926 346.95
770 559.26 331.497 646 565.926 346.95
775 188.39 405.531 847 152.388 383.439
778 453.652 273.774 722 438.446 278.783
779 453.652 273.774 723 438.446 278.783
781 681.232 465.648 735 639.954 501.63
782 591.739 380.77 659 581.386 402.082
784 235.038 329.714 909 198.148 316.744
788 544.865 253.273 600 547.79 264.236
790 496.716 257.181 749 489.589 264.98
791 597.984 313.896 665 614.819 332.236
792 448.287 344.251 713 432.192 349.824
795 503.939 271.559 554 498.235 279.837
796 605.366 312.722 608 624.107 331.916
798 627.354 486.329 906 570.3 514.457
806 559.06 250.167 530 565.472 261.84
809 468.025 278.852 846 454.825 284.688
815 351.015 389.785 904 321.234 386.177
822 636.732 491.532 485 577.436 521.486
824 597.903 224.213 580 613.993 237.591
834 377.548 352.212 768 351.805 351.478
836 439.245 275.603 836 421.335 279.378
837 439.245 275.603 837 421.335 279.378
840 575.225 528.568 815 495.403 552.007
850 298.454 314.906 798 263.693 307.984
852 624.583 391.678 915 613.056 416.815
859 626.687 410.646 739 605.158 436.43
865 507.703 324.887 761 503.413 335.554
866 607.475 479.597 970 551.983 505.15
868 438.949 317.425 870 420.725 321.696
869 438.949 317.425 869 420.725 321.696
871 390.503 282.219 734 365.218 282.414
873 426.523 491.65 742 361.085 494.355
877 419.92 316.632 852 398.624 319.896
880 396.159 153.513 780 394.766 154.325
886 273.004 317.717 912 237.378 308.313
888 321.047 459.813 949 271.201 450.946
890 248.936 490.291 974 193.972 471.369
892 559.646 407.939 750 535.208 426.4
894 318.044 293.876 607 285.475 288.491
895 625.932 404.589 575 608.177 430.628
898 372.597 276.503 817 345.345 275.519
901 374.283 150.369 1374 372.547 150.963
906 456.771 171.006 887 458.817 174.689
914 324.118 334.631 1006 291.861 329.406
916 209.423 362.354 752 172.192 345.389
918 271.097 387.749 920 236.24 375.893
929 514.406 323.357 675 510.943 334.602
931 494.834 284.571 730 486.998 292.549
938 433.105 322.415 821 414.251 326.162
945 493.501 252.074 819 485.375 259.156
946 560.532 255.83 901 566.865 268.422
948 624.843 344.959 824 634.325 367.716
958 266.017 379.815 1019 230.934 367.79
959 303.491 486.413 1164 246.948 473.641
960 405.276 306.71 866 382.314 307.973
964 590.752 367.061 851 586.503 387.273
970 548.345 409.806 818 522.132 426.454
972 281.987 309.579 988 247.174 300.899
978 437.507 429.062 1092 398.479 433.379
984 541.61 396.59 1112 520.902 412.493
986 399.937 275.483 944 375.906 276.307
989 405.327 279.951 884 382.502 281.276
990 405.327 279.951 885 382.502 281.276
995 559.785 296.463 995 567.1 310.481
1000 703.04 405.275 1972 695.997 441.963
1003 363.509 386.155 827 336.217 383.472
1006 511.95 257.557 785 507.347 266.466
1018 603.3 451.132 797 563.232 475.811
1029 255.597 396.605 862 219.866 382.802
1031 413.32 274.539 823 391.256 276.552
1032 230.293 383.227 1064 193.894 367.538
1033 468.246 356.597 928 455.753 364.059
1035 577.378 319.462 879 587.754 336.637
1037 645.601 356.552 883 651.748 381.669
1038 450.297 307.617 835 434.249 313.01
1047 331.418 387.821 1005 300.641 382.24
1056 419.562 363.2 1054 398.716 365.824
1066 498.535 256.676 1001 491.146 264.71
1092 523.604 252.921 826 521.775 262.604
1099 511.27 288.859 1089 506.38 298.76
1100 511.27 288.859 1088 506.38 298.76
1109 558.816 368.958 1026 549.673 386.067
1110 248.786 386.334 1293 212.709 372.715
1124 466.864 335.971 1023 454.982 343.312
1145 570.907 275.727 865 579.702 290.194
1146 577.915 313.548 1070 589.456 330.355
1154 613.376 447.971 1295 574.83 474.062
1162 280.434 316.07 1175 245.606 307.388
1163 280.434 316.07 1176 245.606 307.388
1178 561.126 313.883 977 568.541 328.958
1186 287.823 466.775 3247 241.862 452.856
1191 449.339 331.384 1205 433.463 337.074
1196 593.956 239.229 961 609.254 253.172
1199 509.051 311.962 913 504.691 322.378
1205 577.419 455.426 868 531.659 476.821
1207 514.731 511.412 867 440.241 525.286
1209 534.022 167.111 1268 548.63 174.481
1212 347.722 449.606 985 303.806 443.961
1216 534.135 268.003 1178 534.736 278.558
1222 444.24 378.551 1387 427.544 383.767
1226 589.178 190.282 956 609.631 201.114
1239 222.254 443.556 1352 186.773 424.732
1247 505.664 249.416 1571 498.578 257.885
1249 551.864 321.703 1079 556.683 336.573
1254 169.649 360.345 1306 132.263 340.409
1261 519.765 301.121 890 517.511 312.991
1282 639.543 454.309 1096 599.191 483.879
1288 266.931 495.333 1993 210.147 478.358
1305 552.314 306.605 1149 557.206 320.37
1309 521.007 391.245 1087 500.764 404.187
1311 275.556 530.155 1607 200.941 511.693
1312 652.234 459.646 1261 611.654 491.515
1317 177.266 415.492 1426 140.242 393.683
1320 420.737 294.065 1591 400.437 296.588
1321 420.737 294.065 1590 400.437 296.588
1322 534.997 252.884 1033 535.881 263.359
1334 336.671 390.466 1162 305.752 384.695
1336 269.833 540.066 1680 191.407 519.921
1340 579.571 291.448 908 591.419 306.973
1343 475.785 270.198 1146 464.225 276.924
1352 448.493 322.16 1373 432.885 326.934
1362 488.83 395.841 1350 464.251 405.996
1369 174.538 344.202 1292 136.168 325.956
1378 284.837 420.447 2094 251.417 409.159
1384 444.867 355.455 1504 428.106 360.612
1389 263.667 385.014 1438 228.605 372.663
1391 253.083 418.199 1682 217.564 403.847
1393 652.81 371.535 1367 651.556 398.722
1394 321.87 304.092 2119 288.986 298.628
1396 455.365 310.508 1050 440.478 316.107
1404 588.486 315.069 1232 602.616 333.151
1413 304.679 542.56 1386 222.256 526.32
1415 524.784 506.161 1322 453.436 521.654
1417 288.884 523.765 1638 216.23 507.295
1428 348.07 291.531 1381 317.844 288.854
1436 613.375 222.579 1117 634.032 237.027
1439 231.089 393.832 1697 194.563 377.422
1440 457.276 367.775 1038 443.504 372.095
1453 499.153 264.923 1361 492.348 272.889
1458 423.126 359.602 1532 402.711 362.054
1466 430.122 337.491 1497 410.861 341.328
1467 434.358 294.643 1424 415.809 298.504
1472 185.489 356.181 2319 148.458 337.425
1473 279.803 469.89 2268 229.213 455.541
1478 302.34 334.878 1629 268.379 327.654
1481 233.869 448.33 2052 197.878 430.356
1483 391.535 271.412 1075 365.513 272.069
1489 508.274 347.387 1048 504.375 359.127
1491 310.168 333.144 1270 277.26 326.446
1495 526.118 176.003 1312 537.434 183.05
1521 640.976 489.269 1069 584.111 520.34
1524 179.347 402.009 1776 141.857 380.237
1525 179.347 402.009 1777 141.857 380.237
1534 190.8 364.89 2331 154.094 346.7
1539 255.817 431.262 1625 220.325 416.423
1546 687.736 467.474 1410 645.864 503.991
1547 687.736 467.474 1409 645.864 503.991
1554 599.392 319.572 1233 615.901 338.443
1558 564.905 279.286 1602 572.345 293.486
1568 263.507 415.133 1408 226.99 401.748
1571 195.057 377.325 1445 158.707 358.356
1575 231.05 370.411 1733 194.138 355.45
1577 320.865 490.988 1931 259.778 480.499
1580 540.952 281.024 841 544.564 294.07
1592 611.279 469.407 1411 559.599 495.931
1593 452.881 352.336 1125 438.764 358.355
1595 483.919 397.672 1799 459.224 407.584
1597 189.18 450.024 1540 152.058 426.722
1599 259.188 412.715 1569 223.041 398.819
1607 695.146 474.627 1399 653.859 513.761
1608 695.146 474.627 1398 653.859 513.761
1609 238.074 414.167 1668 201.954 398.397
1611 181.505 394.87 1863 144.095 374.304
1613 516.307 259.573 1267 512.422 269.293
1618 280.923 341.225 2777 245.639 331.183
1623 471.607 364.608 1771 459.734 372.796
1624 517.414 168.869 1333 528.423 175.489
1629 539.865 252.98 1353 541.516 263.462
1637 308.348 337.149 1444 274.899 330.392
1639 254.933 425.962 2203 219.459 411.052
1640 254.933 425.962 2204 219.459 411.052
1644 618.897 242.583 1284 640.977 259.027
1648 679.478 341.286 2131 696.802 369.012
1652 238.312 351.77 1694 201.669 339.068
1653 234.708 377.833 1430 198.511 362.541
1655 514.856 345.743 1388 511.535 358.109
1669 280.305 410.516 1248 245.734 397.934
1675 273.954 402.762 1651 239.18 390.632
1677 323.072 478.905 2078 267.941 469.162
1684 496.342 274.825 2754 489.246 282.643
1686 296.615 463.861 1417 246.828 451.361
1688 375.756 371.094 1610 349.58 370.025
1689 375.756 371.094 1611 349.58 370.025
1691 473.677 261.337 2001 461.615 267.535
1692 473.677 261.337 2002 461.615 267.535
1698 512.996 342.454 1692 509.708 354.286
1700 190.01 459.765 2333 151.904 436.133
1701 431.002 363.369 1530 412.325 367.641
1707 252.48 404.875 1755 216.131 390.771
1721 588.359 324.188 1396 602.472 342.168
1722 432.558 359.211 1415 414.053 363.455
1723 441.592 259.384 1344 422.152 263.575
1724 447.409 257.851 1634 431.039 262.013
1726 341.583 282.613 1524 311.429 279.507
1729 235.813 492.718 1818 180.47 472.49
1737 536.07 246.075 1454 536.869 256.28
1748 484.748 357.97 2040 476.36 367.204
1749 346.652 300.524 2255 316.729 297.165
1751 607.098 305.414 1258 626.306 324.282
1760 387.186 299.07 1320 361.594 299.52
1763 570.179 370.023 2213 562.381 388.279
1767 518.491 271.591 2448 515.221 281.246
1768 313.911 324.751 2711 281.99 318.423
1774 188.694 369.108 2240 151.923 350.844
1784 619.935 221.05 1928 641.462 236.134
1790 570.967 224.539 2017 580.041 236.493
1791 409.22 275.076 1538 386.416 276.493
1792 210.558 350.953 2469 173.485 335.017
1797 233.355 364.981 1325 197.227 351.08
1799 563.044 305.018 2349 571.113 319.498
1800 563.044 305.018 2348 571.113 319.498
1806 255.718 385.183 1622 219.571 371.684
1814 390.148 295.009 2313 365.413 295.485
1816 246.383 431.746 2133 210.625 416.091
1817 291.839 327.637 1556 257.495 319.938
1819 586.097 321.061 2059 599.912 338.391
1821 501.654 336.303 1516 495.496 346.745
1823 506.081 334.671 1835 500.922 345.191
1831 392.071 298.142 2604 368.153 298.374
1833 257.032 403.375 1961 220.135 390.401
1834 257.032 403.375 1962 220.135 390.401
1835 444.18 284.501 1920 427.203 288.638
1843 521.117 176.839 1723 530.911 183.374
1846 519.364 262.109 1503 516.601 272.218
1852 403.198 284.702 1786 380.101 286.01
1873 177.323 405.669 2869 140.329 383.549
1877 176.407 368.985 3731 138.674 349.318
1884 407.499 169.228 2058 404.214 170.576
1888 243.54 428.544 1689 206.636 412.398
1890 295.121 424.492 2075 261.974 413.858
1895 438.179 344.295 1245 421.233 348.907
1903 381.751 393.771 2130 355.874 393.309
1906 296.363 395.051 1720 263.504 384.711
1907 591.236 235.79 1760 605.702 249.498
1909 349.06 103.001 1778 353.561 102.102
1912 269.168 172.467 1894 276.081 165.709
1918 502.478 323.529 1389 496.687 333.888
1920 513.991 351.23 1433 510.739 363.49
1923 663.529 465.097 1501 620.006 498.57
1929 527.33 238.593 2176 526.41 247.879
1930 281.526 320.09 1966 246.519 311.566
1931 389.054 268.471 1925 361.494 268.84
1932 312.384 546.305 2292 228.276 531.487
1940 412.338 486.58 1414 349.21 487.398
1947 533.74 263.514 1667 533.947 274.321
1949 524.622 235.851 2419 524.657 244.617
1951 379.503 373.059 2522 353.372 372.709
1956 420.8 264.024 1834 401.269 266.214
1961 330.829 295.342 2074 299.064 291.175
1967 309.001 304.279 3512 276.453 298.121
1973 220.808 448.171 3049 185.934 428.75
1976 309.17 542.498 1845 226.267 527.865
1992 241.003 483.51 1546 191.377 463.035
1999 577.156 245.496 2304 588.537 258.818
2000 443.044 325.032 1579 425.935 330.07
2001 353.835 383.608 2279 325.038 379.8
2004 363.91 301.843 1402 335.551 300.406
2008 374.392 375.547 2338 348.377 374.378
2011 258.478 407.112 1603 223.413 392.751
2013 553.155 367.084 1505 544.379 382.936
2022 410.279 282.708 1767 387.797 284.472
2031 250.394 361.735 2681 214.035 348.837
2033 268.332 421.027 2546 233.408 408.105
2040 606.503 269.719 1522 625.047 286.861
2049 615.949 213.164 1763 636.304 227.436
2050 291.074 348.402 1877 256.617 339.54
2057 291.489 324.051 2195 257.728 315.958
2068 254.302 421.697 2206 220.172 406.579
2071 443.041 320.725 1650 425.085 325.655
2074 541.759 234.556 2261 545.158 244.611
2075 697.006 467.953 2095 658.586 507.132
2082 274.078 322.243 1649 238.668 312.802
2084 723.595 506.731 1512 673.893 552.471
2091 752.372 501.357 1801 708.956 551.996
2096 304.647 330.965 1940 271.154 323.84
2104 301.553 339.259 1895 267.72 331.891
2112 617.549 258.015 1397 640.204 274.484
2113 604.693 232.785 2072 622.19 247.655
2115 589.834 318.901 1937 604.296 336.944
2116 373.522 339.536 1684 346.608 338.358
2127 178.14 447.565 3752 140.863 423.767
2131 442.608 312.603 2401 424.384 317.53
2132 517.261 329.901 1378 514.4 341.879
2133 261.874 373.471 2874 226.212 360.948
2140 249.215 357.021 2568 213.131 344.412
2149 570.618 410.314 2201 545.902 429.731
2151 276.686 423.102 2127 242.078 410.58
2152 276.686 423.102 2126 242.078 410.58
2153 344.359 381.691 2727 315.082 377.723
2156 334.775 414.806 1366 303.946 409.086
2169 759.535 494.159 2230 719.883 546.027
2180 318.856 301.489 2576 286.221 296.384
2185 422.672 375.81 2518 402.849 378.928
2191 468.491 322.004 1884 458.213 329.115
2192 318.739 308.009 2636 286.457 302.871
2197 456.86 355.154 1899 443.901 361.188
2201 516.505 334.166 1890 513.656 345.908
2207 384.685 154.167 1844 381.81 154.577
2209 445.204 373.657 2366 428.763 379.019
2213 308.321 295.875 3083 274.555 289.727
2217 202.892 356.288 1864 166.019 339.623
2218 262.249 435.24 2088 227.245 421.064
2219 254.357 354.254 3164 218.58 341.984
2222 518.056 240.681 1853 514.673 249.509
2229 455.645 547.743 1992 364.474 553.443
2233 280.301 400.467 2170 245.508 389.016
2234 280.301 400.467 2169 245.508 389.016
2235 299.493 319.204 3010 265.326 312.083
2245 402.347 303.034 1691 379.82 303.888
2246 536.071 174.836 2334 549.532 182.348
2247 276.78 405.532 1959 241.858 393.493
2256 267.129 525.501 3260 195.501 506.428
2260 404.075 427.667 1391 364.719 429.273
2264 346.691 378.725 3660 317.213 375.347
2266 249.699 375.255 2520 213.634 361.746
2279 282.902 424.841 2317 248.327 412.994
2281 371.088 284.057 4258 343.3 282.884
2300 608.6 287.388 1435 627.694 304.8
2301 606.309 222.387 2553 624.547 236.688
2308 377.5 303.524 2174 350.823 302.538
2309 279.023 426.39 1944 244.58 414.26
2317 573.513 279.893 2450 583.424 294.488
2318 573.513 279.893 2449 583.424 294.488
2319 183.718 348.547 3376 146.745 330.289
2329 458.079 279.17 2625 443.208 284.402
2330 560.204 309.582 2208 567.179 324.464
2332 275.379 358.531 2286 240.25 347.896
2339 301.167 305.363 2362 267.001 298.625
2342 296.526 317.083 2022 262.485 309.727
2343 298.091 310.003 2515 263.414 302.688
2347 283.837 323.819 2236 248.967 315.037
2348 283.837 323.819 2235 248.967 315.037
2349 397.344 288.13 2390 373.195 288.79
2358 472.398 360.396 2144 461.164 368.89
2365 479.994 249.831 1995 469.194 256.307
2380 261.123 367.035 2202 226.074 355.224
2387 446.271 294.519 3019 430.142 298.628
2389 509.591 266.024 2667 504.271 275.173
2395 326.4 290.739 3359 293.372 286.752
2399 698.064 338.487 1764 720.298 367.898
2408 480.848 266.305 2060 469.616 273.157
2409 480.848 266.305 2061 469.616 273.157
2412 557.725 174.892 1428 573.854 184.163
2418 564.671 269.573 1752 573.05 283.093
2437 351.86 293.962 2600 322.19 291.407
2440 329.379 310.58 3843 297.73 306.182
2442 423.03 290.09 2209 402.748 293.017
2446 441.541 270.885 2411 424.151 274.781
2454 452.552 549.706 2605 361.329 554.981
2457 425.442 301.034 1748 404.834 303.911
2458 425.442 301.034 1747 404.834 303.911
2465 277.229 228.586 2909 253.786 222.583
2468 372.783 299.245 3020 346.057 298.309
2470 521.912 246.902 2163 519.449 256.26
2472 359.187 388.151 2642 331.032 385.25
2476 296.425 322.177 3473 263.002 314.361
2486 573.217 363.517 2045 567.893 381.385
2493 273.932 421.102 1968 238.644 408.177
2495 508.753 330.083 2813 503.646 341.418
2512 339.845 394.186 2116 310.255 389.154
2513 252.122 364.685 2028 215.54 352.02
2514 252.122 364.685 2029 215.54 352.02
2525 233.576 396.265 2346 197.319 379.826
2526 664.36 488.517 1612 611.514 524.361
2531 530.274 262.916 2408 529.866 273.499
2557 457.706 272.326 2701 442.283 276.856
2558 284.9 405.066 3440 250.312 394.27
2562 258.859 335.085 3562 223.142 323.727
2566 436.606 341.043 2658 418.88 345.146
2571 495.977 348.584 2678 488.405 359.157
2583 588.212 233.133 2053 601.388 246.812
2585 256.285 367.851 3686 220.127 355.619
2592 592.207 190.039 2828 613.245 201.622
2596 262.976 409.544 2532 226.807 396.305
2609 301.015 387.268 3411 268.509 378.71
2610 523.144 395.19 1847 500.869 409.532
2616 543.073 254.836 3652 544.862 265.89
2626 619.486 217.761 2316 641.463 232.498
2629 540.025 260.941 2465 542.194 271.906
2630 433.386 317.702 1935 414.029 321.169
2639 369.626 303.837 2778 341.045 302.956
2645 369.573 379.073 3393 342.31 377.407
2646 549.5 251.039 1889 553.206 262.437
2653 302.373 328.425 2152 268.572 320.896
2655 304.789 341.464 2284 271.695 334.051
2657 187.577 347.249 2493 150.389 329.876
2660 282.632 337.371 3786 248.019 328.278
2661 169.261 394.894 4000 131.61 373.277
2664 241.382 398.532 4005 205.369 383.232
2665 241.382 398.532 4004 205.369 383.232
2669 259.863 343.86 3687 224.297 332.089
2671 442.087 262.629 3984 424.265 266.406
2672 442.087 262.629 3985 424.265 266.406
2681 467.739 252.85 2009 454.464 258.461
2683 488.92 264.41 1958 479.185 272.146
2692 604.518 303.044 2339 623.347 321.526
2697 281.844 346.091 3169 246.27 336.906
2700 427.935 334.478 2575 408.404 338.387
2705 418.807 261.371 2930 398.275 263.633
2709 334.703 338.205 2650 303.891 333.711
2716 363.661 284.974 3103 335.541 283.179
2717 460.722 254.537 2343 446.1 259.727
2723 205.127 342.469 3122 168.156 326.496
2724 205.127 342.469 3121 168.156 326.496
2736 252.639 358.765 3063 216.638 346.24
2745 265.733 371.646 2637 230.058 359.976
2749 473.239 264.979 3714 460.94 271.063
2756 250.729 426.95 3095 215.139 411.546
2764 276.121 389.773 2555 241.354 378.058
2765 268.915 320.124 2563 232.924 309.896
2766 312.06 328.472 3192 278.231 322.266
2788 359.409 383.795 2877 330.664 380.451
2793 275.522 231.832 2693 252.078 225.587
2809 461.923 350.585 3789 449.034 357.092
2813 280.177 331.04 2837 244.951 322.156
2820 588.068 138.572 1887 620.069 147.296
2824 442.152 372.229 2251 424.756 377.868
2825 569.611 323.851 1731 578.568 339.939
2831 514.302 310.472 1933 510.833 321.128
2837 410.358 490.792 2621 345.783 490.468
2844 211.321 343.114 4076 174.063 327.245
2847 419.365 218.719 3280 406.979 221.066
2848 374.582 395.399 2306 348.432 393.709
2851 299.993 513.852 2257 229.105 500.312
2856 235.944 384.565 1831 199.21 369.589
2864 506.568 252.885 3273 500.097 261.52
2872 201.706 343.465 3202 164.491 327.468
2876 386.583 278.447 3132 361.764 278.326
2885 613.272 311.419 2329 634.585 330.94
2886 483.995 352.016 2254 474.694 360.811
2922 295.68 307.372 4078 260.799 300.345
2933 380.597 281.496 3526 354.089 281.564
2939 246.677 438.532 3208 210.596 422.377
2950 205.209 366.505 4056 168.004 349.596
2956 446.865 272.051 2536 429.26 276.765
2958 368.206 284.42 2899 340.205 282.731
2959 459.619 269.001 3120 444.561 274.171
2960 198.592 362.628 2517 161.149 344.985
2961 198.592 362.628 2516 161.149 344.985
2963 434.87 314.239 3231 416.969 318.102
2974 375.443 301.074 2882 349.187 299.592
2977 425.742 268.21 2770 405.162 271.02
2983 475.563 397.562 1393 451.173 405.379
2990 434.188 298.871 2938 414.534 302.809
2991 354.146 389.796 2750 325.817 386.124
2992 354.146 389.796 2751 325.817 386.124
2998 586.466 357.896 3343 585.665 377.214
3000 487.475 341.762 1677 478.634 351.032
3009 207.87 341.63 3520 171.105 325.814
3019 568.708 123.817 3808 600.341 130.871
3041 239.481 409.909 2196 203.057 393.991
3042 510.073 262.48 2412 504.591 271.413
3051 501.852 329.775 2655 494.567 340.372
3055 286.905 325.667 2999 252.133 316.902
3056 286.905 325.667 3000 252.133 316.902
3057 424.04 296.094 3661 403.286 299.125
3062 604.71 309.071 2260 623.127 327.915
3064 516.032 276.927 4261 513.265 286.218
3065 427.153 262.269 1945 407.541 265.348
3066 611.443 265.285 2858 630.474 282.467
3076 306.125 334.178 2834 272.494 327.073
3086 565.171 458.517 3841 516.935 479.116
3095 214.574 346.295 3612 178.388 330.586
3105 437.563 291.819 4162 418.689 295.712
3109 574.483 301.498 2903 585.699 316.842
3110 445.245 261.014 3604 428.123 265.375
3112 385.994 307.809 4255 360.49 308.84
3113 241.326 364.844 2927 205.502 350.651
3119 411.652 266.048 1897 388.434 267.916
3137 252.797 429.286 3591 217.291 413.564
3148 389.51 150.701 3261 388.294 150.925
3152 269.479 427.578 2805 234.208 414.059
3161 340.208 366.693 3665 310.847 362.735
3170 185.089 461.874 2811 148.423 437.613
3174 230.09 363.657 2881 193.322 349.013
3179 228.622 352.832 2647 192.182 338.53
3197 378.499 148.743 2703 375.527 147.778
3203 542.601 250.194 1826 544.951 260.88
3222 548.192 372.092 3342 537.37 387.969
3223 386.06 304.202 2065 360.366 305.331
3233 263.348 418.666 2884 228.32 405.154
3240 573.427 308.908 3116 583.212 325.444
3253 185.819 366.536 3796 148.514 347.554
3262 303.013 313.884 3878 269.323 306.986
3263 458.823 550.503 2961 366.784 557.49
3265 546.908 266.791 2753 550.306 278.675
3274 293.154 305.168 3168 259.034 297.654
3275 293.154 305.168 3167 259.034 297.654
3283 411.035 215.995 3292 396.589 217.548
3301 280.083 422.375 2912 245.923 410.516
3316 426.842 378.868 1869 407.825 382.057
3338 564.154 264.106 4045 570.927 277.509
3341 564.594 250.742 1998 572.396 263.836
3350 266.624 333.682 2352 230.523 323.365
3354 510.736 327.283 2645 506.218 338.157
3378 593.877 234.262 2038 609.106 247.851
3391 228.623 179.443 3643 214.971 172.799
3392 580.302 325.194 2761 592.465 342.216
3395 233.374 348.512 3489 196.055 334.932
3401 446.378 550.167 4276 354.231 554.738
3405 490.991 272.903 3316 481.93 280.579
3411 553.884 169.023 2501 571.41 177.483
3417 484.359 354.942 2224 474.872 363.529
3425 563.236 283.636 3539 570.803 297.378
3426 201.261 500.591 2356 149.308 475.073
3432 341.934 396.457 2565 312.27 391.651
3456 300.863 322.747 3726 267.047 315.014
3461 437.203 325.092 4114 419.032 329.646
3462 437.203 325.092 4113 419.032 329.646
3472 244.055 356.907 3399 207.916 343.805
3483 615.78 218.907 2554 637.925 233.536
3492 300.472 342.781 3769 266.944 335.191
3500 240.003 383.62 2336 203.48 369.245
3512 561.127 331.591 2659 567.965 347.756
3515 578.496 323.28 2521 589.603 340.369
3516 578.306 248.121 3149 589.6 261.698
3520 562.389 267.506 2763 569.122 280.876
3521 562.389 267.506 2764 569.122 280.876
3526 437.413 282.616 3728 418.877 286.411
3535 543.231 258.269 2048 546.099 269.612
3545 183.709 424.495 4042 146.365 402.866
3553 378.775 290.159 2804 351.894 289.641
3554 268.538 401.805 2997 233.472 389.255
3558 509.09 196.332 2003 512.633 202.823
3564 449.547 295.021 2404 433.062 299.605
3572 524.176 256.49 1711 523.627 267.028
3580 171.087 397.194 3736 134.099 375.485
3582 246.606 427.88 3064 210.543 412.223
3594 299.423 368.331 4246 266.852 360.15
3599 373.658 348.885 2789 347.161 347.332
3601 559.779 323.514 3378 565.969 339.024
3612 292.044 299.477 2668 257.682 291.875
3635 486.566 267.108 3628 477.169 274.613
3665 182.215 435.78 2880 145.699 412.347
3667 215.561 353.607 3658 178.846 338.007
3681 574.372 324.478 2838 584.145 341.802
3703 605.61 236.168 3336 623.929 250.57
3718 249.195 331.179 3848 213.123 319.1
3721 479.686 346.56 2928 469.283 355.419
3726 414.594 220.554 3801 400.895 222.903
3735 515.611 254.505 3542 512.146 263.555
3754 182.992 353.318 3290 145.963 335.084
3755 364.227 402.15 2455 336.659 400.194
3762 516.92 311.31 2741 514.179 321.743
3782 518.156 347.299 3374 515.955 359.627
3788 307.732 301.621 3133 274.569 295.526
3789 307.732 301.621 3134 274.569 295.526
3806 571.46 326.202 3694 580.665 342.61
3823 299.698 374.505 2373 267.267 366.556
3824 176.797 372.043 3909 139.696 352.006
3826 372.836 368.951 4052 346.085 367.315
3884 171.119 371.201 2670 134.594 349.856
3885 287.005 301.291 3335 251.647 294.164
3886 316.212 299.212 4156 284.001 293.601
3887 316.212 299.212 4157 284.001 293.601
3912 258.317 383.168 4265 222.123 370.177
3925 273.73 416.154 3758 237.762 403.548

