   3.2628641e+01   5.3431634e+02   1.0607800e+01   5.4627798e+02   3.4217499e+02   4.1619031e+02   3.1642955e+02   4.3524148e+02
   3.7728732e+02   1.5759446e+02   2.2688367e+02   1.8326879e+02   2.7901427e+02   1.5464997e+02   2.1999007e+02   1.5224343e+02
   3.5829516e+02   1.0997923e+02   3.6139526e+02   1.5404255e+02   3.6831539e+02   1.1301122e+02   3.6700000e+02   1.5000000e+02
   4.7473389e+02   3.9946063e+02   5.0778125e+02   4.4442582e+02   5.3163471e+02   4.7525307e+02   5.1863595e+02   5.0785485e+02
   2.1470549e+02   3.7203820e+02   2.2391206e+02   4.4301141e+02   1.4437253e+02   2.9392002e+02   1.5194098e+02   3.4888149e+02
   5.6496944e+02   1.2777610e+02   4.3395341e+02   1.4565867e+02   6.5600612e+02   1.6989781e+02   3.9105804e+02   1.5403085e+02
   5.0984558e+02   3.8558092e+02   4.7481197e+02   3.9848970e+02   6.9785926e+02   4.7089388e+02   1.8287283e+02   3.8980768e+02
   4.7322988e+02   3.0400800e+02   4.7232621e+02   3.2997655e+02   3.9927661e+02   3.0798477e+02   3.9862328e+02   3.3901312e+02
   1.9750728e+02   4.5206887e+02   1.8771910e+02   3.8203926e+02   1.3638850e+02   3.4807495e+02   1.2952260e+02   2.9205851e+02
   3.7076059e+02   1.5308178e+02   2.2188863e+02   1.7832853e+02   3.5601167e+02   1.5255474e+02   2.2102070e+02   1.4737211e+02
   5.1954795e+02   1.7820548e+02   5.1509589e+02   1.6841096e+02   5.1602000e+02   2.1186000e+02   5.1802000e+02   1.9786000e+02
   5.1719175e+02   1.3765845e+02   4.4907304e+02   1.4849678e+02   5.2995852e+02   1.6684220e+02   4.6801028e+02   1.6379118e+02
   4.3371836e+01   4.6887160e+02   4.0112100e+01   4.8481850e+02   3.4627538e+01   2.8096136e+02   3.1197870e+01   3.1402053e+02
   3.4300748e+02   3.4399953e+02   3.4521386e+02   3.7898651e+02   2.4549932e+02   2.8801926e+02   2.4740211e+02   3.2896452e+02
   5.5799381e+02   1.7295634e+02   5.2102814e+02   1.7819844e+02   5.8292761e+02   2.1970304e+02   5.1898774e+02   2.1311902e+02
   3.2098539e+02   3.4493939e+02   3.2412579e+02   3.9599226e+02   3.1877343e+02   3.5196867e+02   3.1970700e+02   3.7501187e+02
   2.2398604e+02   5.4101731e+02   2.1073472e+02   5.3032889e+02   2.3159152e+02   4.7807166e+02   2.2758200e+02   4.3402890e+02
   3.8851127e+02   1.5500889e+02   3.8771088e+02   1.1098707e+02   3.8892598e+02   1.5208292e+02   3.9269693e+02   1.0997286e+02
   5.2477931e+02   3.4101839e+02   5.2563007e+02   3.1797642e+02   4.6972341e+02   3.9798810e+02   4.7269280e+02   3.2898678e+02
   2.2385493e+00   5.7199988e+02   1.9467653e+00   1.0000272e+00   2.3763376e+00   3.6195888e+02   2.0000000e+00   1.0000000e+00
   2.4977944e+01   5.7096792e+02   6.2513765e+01   5.4913533e+02   2.8250232e+02   4.3075547e+02   3.0005581e+02   4.1908394e+02
   3.9949654e+02   5.3443185e+02   3.6556054e+02   5.6450408e+02   1.0799388e+02   4.5515531e+02   5.4997377e+01   4.5306656e+02
   3.0025560e+02   4.1906757e+02   2.9753031e+02   3.8904263e+02   2.1306526e+02   3.6310315e+02   2.0731959e+02   3.0196907e+02
   2.0944918e+02   1.8916908e+02   1.9429364e+02   2.3112350e+02   2.1149157e+02   1.5079143e+02   1.8936163e+02   2.0473813e+02
   3.3624712e+02   5.6198342e+02   3.3673136e+02   5.3999408e+02   4.1379503e+02   5.4273834e+02   4.2166558e+02   5.3657308e+02
   4.1219488e+02   3.8157106e+02   3.8615607e+02   3.9045732e+02   3.1894929e+02   3.7642992e+02   2.9394333e+02   3.7348049e+02
   5.8935651e+02   2.7295254e+02   5.8795207e+02   2.9199647e+02   5.7319088e+02   3.4701425e+02   5.7087885e+02   3.7799096e+02
   5.4805367e+02   2.3121937e+02   6.1991154e+02   2.1363845e+02   1.8294479e+02   2.4755878e+02   6.4408656e+02   2.9312397e+02
   3.2289432e+02   4.1365163e+02   3.0199725e+02   4.1999095e+02   2.3505455e+02   3.6559611e+02   2.1501493e+02   3.6288946e+02
   3.6953093e+02   4.5948365e+02   4.0305090e+02   4.9395050e+02   3.8213033e+02   4.6990929e+02   4.1461062e+02   5.1657500e+02
   3.3715569e+02   5.3653184e+02   3.4930771e+02   5.1461613e+02   4.2642295e+02   5.3622148e+02   4.3452419e+02   5.2075084e+02
   4.8059307e+02   3.2702216e+02   4.8227668e+02   2.8197297e+02   4.1164506e+02   3.2404608e+02   4.1250293e+02   3.1203592e+02
   3.7676278e+02   1.5102471e+02   3.7119771e+02   9.0021292e+01   4.0015540e+02   1.0089466e+02   3.9128432e+02   8.7807280e+01
   6.0331410e+02   3.5239656e+02   6.5225517e+02   3.7967421e+02   5.3815001e+02   4.4775040e+02   5.3048611e+02   4.7384910e+02
   4.0709800e+02   3.5399808e+02   4.0677168e+02   3.1698298e+02   3.1878896e+02   3.4793619e+02   3.1757711e+02   3.3295332e+02
   3.8500016e+02   8.7003068e+01   3.6096173e+02   8.8278954e+01   3.8999720e+02   8.8091487e+01   3.7001595e+02   8.7479433e+01
   2.9558653e+02   4.7817172e+02   2.6357622e+02   4.9415107e+02   3.1705610e+02   4.3707776e+02   2.9028282e+02   4.5639204e+02
   1.9975433e+01   3.1795684e+02   6.3921293e+00   3.2568888e+02   7.7822416e+01   2.0676815e+02   4.4472898e+01   2.3231182e+02
   3.1846775e+02   3.8195271e+02   3.1715664e+02   3.6898416e+02   2.3053060e+02   3.3696015e+02   2.2610696e+02   3.0496040e+02
   5.1687075e+02   4.7661120e+02   4.2188888e+02   4.5652547e+02   4.8222824e+02   5.0426854e+02   4.7858441e+02   4.9379665e+02
   6.7498405e+02   3.6902764e+02   6.5640257e+02   3.5830254e+02   5.6893220e+02   5.0698581e+02   5.7395283e+02   4.8299013e+02
   2.2426064e+02   4.4489401e+02   1.9906945e+02   4.5223821e+02   1.4999858e+02   3.5101080e+02   1.3794445e+02   3.4942125e+02
   4.1811206e+02   2.2554089e+02   3.9314772e+02   2.3071299e+02   3.6698486e+02   2.2834934e+02   3.1699206e+02   2.2618326e+02
   4.3717814e+00   4.4021112e+02   1.2763367e+01   4.2543348e+02   7.2675928e+01   3.1141589e+02   9.7497054e+01   2.6886635e+02
   3.9394483e+02   2.1775027e+02   4.3301779e+02   2.1005916e+02   3.2901886e+02   2.1447107e+02   3.7299860e+02   2.1603934e+02
   5.4648472e+02   2.7388690e+02   5.4291206e+02   3.3607795e+02   5.0297379e+02   3.7699834e+02   5.0210811e+02   4.0298198e+02
   4.9996339e+01   3.0698824e+02   2.0719912e+01   3.1610008e+02   1.7890763e+02   2.2079079e+02   1.4936801e+02   2.3383348e+02
   5.1741922e+02   2.9800226e+02   5.1729538e+02   3.2100159e+02   4.5644050e+02   3.5098322e+02   4.5571935e+02   3.7502158e+02
   3.5197931e+02   5.1408071e+02   3.5420981e+02   4.8701729e+02   3.2357254e+02   4.8738526e+02   3.3413023e+02   4.6363967e+02
   4.6274081e+02   3.2197191e+02   4.6155073e+02   3.3295130e+02   3.8251972e+02   3.0400568e+02   3.8309955e+02   3.5299882e+02
   3.1296736e+02   3.3989429e+02   3.3081009e+02   3.3438495e+02   2.0596801e+02   2.9536275e+02   2.4104793e+02   2.9845657e+02
   4.1161676e+02   5.2741449e+02   4.0070840e+02   5.3455450e+02   7.6600023e+02   5.7214342e+02   2.9230861e+00   5.7258326e+02
   9.4836925e+01   3.1042076e+02   8.6201017e+01   3.2759832e+02   2.1932406e+02   1.4773869e+02   1.8142416e+02   2.4577739e+02
   5.8622650e+02   1.3898217e+02   5.8726403e+02   9.3983031e+01   6.6273390e+02   1.7608894e+02   6.6831453e+02   1.3003812e+02
   5.0648263e+02   4.3526982e+02   4.9593022e+02   4.1503639e+02   5.2302985e+02   5.1901176e+02   5.3453523e+02   4.8981684e+02
   6.3016329e+02   2.0088159e+02   5.8635518e+02   1.4046758e+02   6.6824158e+02   2.9399336e+02   6.7241809e+02   1.8401566e+02
   1.9904006e+01   3.5263686e+02   4.0080189e+01   3.4730335e+02   1.0857308e+02   2.4866558e+02   1.1473834e+02   2.4079503e+02
   5.3013176e+02   3.9268706e+02   5.1113176e+02   3.8468706e+02   4.9562137e+02   4.6193308e+02   4.9422595e+02   4.4897567e+02
   4.5348661e+02   3.7213782e+02   4.5666768e+02   3.6090588e+02   3.6870907e+02   3.9015413e+02   3.7117275e+02   3.7882018e+02
   5.0855535e+02   4.4681690e+02   5.1786228e+02   4.7504541e+02   5.0025538e+02   5.2154082e+02   4.9458140e+02   5.3074187e+02
   5.3282843e+02   2.6569722e+02   5.4145753e+02   2.6080740e+02   4.7796295e+02   3.1241411e+02   4.9302918e+02   3.1146139e+02
   2.9448569e+02   5.4081203e+02   3.0192319e+02   5.6002973e+02   4.1539329e+02   5.2763598e+02   4.0124018e+02   5.3638838e+02
   5.1594846e+02   1.6654292e+02   5.5490422e+02   1.6215054e+02   5.2000286e+02   1.9897427e+02   5.8903988e+02   2.0664086e+02
   3.8879623e+02   3.9733039e+02   4.1024452e+02   3.9080353e+02   2.8496412e+02   3.7930639e+02   3.3300782e+02   3.8493321e+02
   3.4875296e+02   4.9133317e+02   3.2463531e+02   5.4583863e+02   2.8902483e+02   4.5605249e+02   2.4736051e+02   4.7576209e+02
   4.6194567e+02   3.4384136e+02   4.8797486e+02   3.3492660e+02   3.7489245e+02   3.6283226e+02   4.1192024e+02   3.6761722e+02
   3.8227044e+02   3.1585244e+02   4.1814901e+02   3.0446969e+02   2.9391454e+02   2.9998569e+02   3.2196380e+02   3.0241755e+02
   5.9513626e+02   2.7599628e+02   5.9486299e+02   2.6597646e+02   6.0734174e+02   3.8904128e+02   6.1296076e+02   3.2999529e+02
   3.3132878e+02   3.2405034e+02   3.3027906e+02   3.1005407e+02   2.3400000e+02   2.8800000e+02   2.3400000e+02   2.7900000e+02
   1.3800978e+02   5.4493480e+02   1.2906112e+02   5.4359250e+02   2.2902574e+02   4.3300384e+02   2.3171682e+02   4.1495777e+02
   3.9499522e+02   1.5626992e+02   3.6998536e+02   1.5582743e+02   3.8372851e+02   1.5976018e+02   3.5698597e+02   1.5408595e+02
   1.9802361e+02   4.6107453e+02   2.2395506e+02   4.5285816e+02   1.2692189e+02   3.5355409e+02   2.0100043e+02   3.6399698e+02
   4.5480607e+02   3.4939025e+02   4.3610728e+02   3.5533731e+02   3.6498132e+02   3.6512770e+02   3.4301245e+02   3.6191486e+02
   1.8877228e+02   3.8009746e+02   2.1299635e+02   3.7398554e+02   1.3105489e+02   2.9150054e+02   1.4302028e+02   2.9281542e+02
   5.1188972e+01   3.3118012e+02   3.9460081e+01   3.4348537e+02   1.4784367e+02   2.3269023e+02   1.1111399e+02   2.5122588e+02
   5.2841983e+02   3.1603468e+02   5.3140085e+02   2.7995050e+02   4.5948754e+02   3.7701367e+02   4.5882064e+02   3.5200478e+02
   2.1425096e+02   2.5502675e+02   2.1375032e+02   2.4100892e+02   3.1670328e+02   2.2494294e+02   3.1903566e+02   2.1281455e+02
   3.6390456e+02   3.1163073e+02   3.4394547e+02   3.1678899e+02   2.6706789e+02   2.8952043e+02   2.4704446e+02   2.8668595e+02
   4.1618183e+02   3.8200361e+02   4.1586855e+02   3.1099617e+02   3.1797323e+02   3.2691651e+02   3.1660340e+02   3.1094824e+02
   3.9668431e+02   5.4662636e+02   4.0695584e+02   5.3794774e+02   3.7716521e+02   5.5843053e+02   4.1322721e+02   5.4459210e+02
   5.3869093e+02   2.7898012e+02   5.3695339e+02   3.0599700e+02   4.9499303e+02   3.3199984e+02   4.9413234e+02   3.7000300e+02
   5.1618126e+02   3.2852714e+02   4.9823953e+02   3.3469658e+02   4.5394491e+02   3.7647241e+02   4.2794857e+02   3.7344109e+02
   4.1379092e+02   4.2360538e+02   4.5474158e+02   4.3774826e+02   3.5529702e+02   4.3370840e+02   3.7759245e+02   4.5641837e+02
   4.0067321e+02   3.1800380e+02   4.0112695e+02   3.5701016e+02   3.0925417e+02   3.1103656e+02   3.1091924e+02   3.4500396e+02
   4.5971186e+02   4.3373186e+02   4.5290436e+02   4.1565935e+02   4.7322155e+02   4.8161596e+02   4.9613469e+02   4.7337448e+02
   1.2113627e+02   3.9189869e+02   1.7053692e+02   4.5834429e+02   1.1463837e+02   3.1305400e+02   1.2107220e+02   3.5613855e+02
   3.1507525e+02   4.8001188e+02   3.3901258e+02   4.8183480e+02   3.7709332e+02   4.5797063e+02   3.8060338e+02   4.6912481e+02
   4.8898613e+01   5.6279991e+02   3.1742997e+01   5.7149280e+02   1.8635594e+02   3.9166482e+02   1.6187709e+02   4.0477042e+02
   2.7802140e+02   2.9509523e+02   3.0500712e+02   2.8903170e+02   5.7900207e+02   3.1491434e+02   5.9199448e+02   3.1522844e+02
   3.0749772e+02   3.5003829e+02   3.1016766e+02   3.8506345e+02   2.1307121e+02   3.2211431e+02   2.1466226e+02   3.3504157e+02
   4.6829297e+02   3.2004841e+02   4.7113369e+02   3.0285685e+02   3.9513108e+02   3.3900599e+02   3.9493793e+02   3.1100043e+02
   6.0338053e+02   2.8904130e+02   6.0572547e+02   2.4804640e+02   7.6631851e+02   3.9463123e+02   7.3742029e+02   3.6967118e+02
   2.9286447e+02   4.1200988e+02   2.9118588e+02   3.8898645e+02   2.0306440e+02   3.4518876e+02   1.9941841e+02   3.2711734e+02
   5.9325919e+02   2.9102809e+02   5.9444927e+02   2.8004870e+02   7.3018107e+02   4.0488359e+02   7.1172460e+02   3.7617707e+02
   1.5332168e+02   3.4974955e+02   1.0566154e+02   2.9838313e+02   1.8386245e+02   2.6380975e+02   1.8056795e+02   2.4887472e+02
   2.7216276e+02   3.2349556e+02   2.2895441e+02   3.3277802e+02   7.3301779e+02   3.6505916e+02   7.1496675e+02   3.6659363e+02
   6.5474801e+02   3.5942301e+02   6.3279444e+02   3.4634508e+02   5.7200535e+02   4.8100155e+02   5.7841553e+02   4.5883101e+02
   6.8089099e+02   3.0407928e+02   6.8854505e+02   3.1460360e+02   6.9720741e+02   3.3597231e+02   7.1494941e+02   4.6887326e+02
   1.5216918e+02   3.2154966e+02   1.7121190e+02   3.1568846e+02   5.1801953e+02   3.1029109e+02   5.3501015e+02   3.0915137e+02
   4.5706613e+02   3.4599948e+02   4.5685973e+02   3.1999318e+02   3.7072311e+02   3.6197269e+02   3.6970343e+02   3.3497343e+02
   3.6859160e+02   3.8597739e+02   3.6580076e+02   3.1296939e+02   2.8145750e+02   3.3692263e+02   2.7877125e+02   3.2103869e+02
   7.0088848e+02   3.1114498e+02   6.6345639e+02   2.8917136e+02   7.6125612e+02   4.6095702e+02   7.5739228e+02   4.3793416e+02
   3.1513288e+02   2.8656286e+02   5.3514639e+02   2.3462008e+02   6.3594838e+02   3.2280187e+02   6.5798581e+02   3.2422043e+02
   3.7542677e+02   3.3602771e+02   3.7672842e+02   3.1598236e+02   2.7636496e+02   3.1103838e+02   2.7563868e+02   2.9902184e+02
   4.2108419e+02   3.6199882e+02   4.2133697e+02   3.8000931e+02   3.2900000e+02   3.6100000e+02   3.2817865e+02   3.7695772e+02
   8.7976642e+01   3.5012809e+02   1.0284687e+02   3.5283972e+02   4.3941189e+01   2.3400086e+02   4.4176432e+01   2.4999741e+02
   4.6307978e+02   2.8231300e+02   4.8023935e+02   2.7793899e+02   5.6138221e+02   3.3998864e+02   5.6096647e+02   3.2600100e+02
   2.9617377e+02   3.5407661e+02   2.9931633e+02   3.8797067e+02   2.1061404e+02   3.0091271e+02   2.1361940e+02   3.2205410e+02
   5.3994879e+02   3.1406272e+02   5.4226551e+02   2.7901755e+02   5.0294063e+02   3.7407960e+02   5.0438322e+02   3.5703243e+02
   5.7280872e+02   3.2804825e+02   5.9107576e+02   3.2437693e+02   7.3036064e+02   4.4553969e+02   7.4844517e+02   4.5970817e+02
   3.7429230e+02   2.9984941e+02   3.5814027e+02   3.0540761e+02   2.7399773e+02   2.8210289e+02   2.5898298e+02   2.8177168e+02
   4.8961844e+02   3.3402205e+02   4.9104506e+02   2.9400161e+02   4.2706613e+02   3.7199948e+02   4.2685973e+02   3.4599318e+02
   4.1187244e+02   3.1100052e+02   4.1215613e+02   3.7999936e+02   3.2902407e+02   3.4400293e+02   3.2708952e+02   3.5988913e+02
   3.8803045e+01   3.8015690e+02   1.1580574e+02   3.6216842e+02   9.7697287e+01   2.6771083e+02   1.0455589e+02   2.6053102e+02
   1.1596130e+02   3.6400523e+02   1.1961782e+02   3.9105167e+02   1.0768807e+02   2.7652571e+02   8.1702455e+01   3.1053670e+02
