609.984 360.781 624.98 359.722 668.055 329.652 687.004 328.043
737.264 271.777 756.005 293.996 828.567 234.572 849.612 250.513
803.628 330.569 842.85 356.192 868.878 274.277 943.051 306.883
847.318 373.994 848.273 421.995 962.065 319.992 967.96 364.874
584.811 339.992 585.025 361 642.924 310.001 643.163 332.009
578.024 366.255 592.988 364.869 632.964 336.645 655.041 334.398
574.864 354.992 575.234 395.007 632.943 338 633.119 369.005
577.02 396.291 594.01 395.151 635.048 370.399 653.027 368.223
578.58 378.028 579.381 390.041 637.864 360.994 638.32 350.969
578.805 342.987 579.089 360.999 635.341 320.092 637.154 333.118
548.934 348.001 549.14 374.007 605 330 605.422 371.018
550.975 397.694 568.024 396.298 607.022 372.293 626.066 370.89
553.012 394.183 566.954 393.286 607.975 367.701 625.025 368.299
551.805 374.987 552.089 392.999 608.914 365.999 609.186 346.988
551.966 374.394 568.028 373.489 610.951 346.53 626.1 344.961
552.002 369.902 568.015 370.216 605.014 342.242 623.952 341.16
608.706 363.987 609.12 385.998 668.864 350.006 669.32 360.031
609.99 377.863 625.981 376.727 669.952 348.646 685.93 346.484
607.011 395.228 624.02 394.438 665.993 367.923 685.016 366.169
604.942 364 605.123 394.005 663.795 333.006 664.776 367.006
610.068 364.527 626.059 362.46 670.014 333.116 686.876 331.008
607.376 340.977 608.63 361.023 663.815 306.004 664.378 332.013
636 364 636 385 697.872 347.005 698.296 358.027
636.967 376.732 651.988 374.899 698.96 345.406 715.951 344.266
652.619 385.041 653.221 376.015 715.153 345.995 715.689 363.979
633.045 393.772 653.035 392.604 695.021 365.284 713.994 363.915
631.924 339.001 632.163 361.009 692.99 303 694.171 363.997
634.049 362.734 651.04 361.594 696.02 330.193 714.034 328.328
738.681 259.311 748.561 269.429 815.496 212.674 826.865 221.181
718.043 231.838 734.998 230.961 789.897 178.41 805.934 175.619
211.754 315.954 214.735 299.951 204.822 311.011 205.082 291.001
152.983 361.829 205.062 356.622 157.943 347.63 201.002 341.015
157.981 369.321 208.007 367.071 159.01 356.08 210.078 349.617
80.9914 392.883 96.9785 391.707 101.012 382.142 135.938 379.251
84.0832 326.924 87.1395 289.929 91.6739 373.985 96.7326 267.035
52.7472 369.059 58.2111 300.017 71.8526 360.048 76.0075 286
43.4165 367.956 47.9725 306.998 68.0797 360.215 70.4507 290.029
149.825 268.555 163.652 263.115 153.205 248.45 168.717 241.379
159.835 268.21 172.134 265.642 162.877 247.617 175.209 243.651
152.299 359.95 157.568 286.041 156.815 342.989 162.22 248.955
108.045 274.27 116.964 272.784 105.919 255.693 128.903 249.632
92.8107 283.976 94.1893 273.024 104.067 272.009 106.027 257.003
98.0461 255.319 123.938 251.572 88.9292 241.707 128.776 232.072
171.914 266.349 200.082 262.617 175.057 244.262 206.855 237.333
153.994 366.914 206.967 363.496 158.021 353.171 209.96 346.68
292.011 418.858 304.934 419.852 284.002 404.906 301.014 405.205
284.596 541.025 291.712 401.961 279.027 537.984 282.883 405.99
256.015 534.779 273.922 536.314 253.113 531.29 270.003 533.981
198.672 308.028 199.431 290.018 209.421 297.932 212.107 274.896
300.001 408.079 318.008 407.921 301.02 391.793 336.984 393.369
101.966 383.395 127.055 381.988 98.0479 373.611 116.932 372.129
90.9421 379.119 120.944 377.147 97.9677 368.755 136.903 362.612
80.1141 406.593 101 402.222 103.969 399.32 113.994 398.864
76.9936 433.828 104.992 432.793 93.0432 425.739 117.958 424.282
80.9677 395.35 139.023 392.467 95.9613 385.596 135.081 381.85
66.1239 553.007 71.8308 460.954 86.5929 505.018 88.0188 457.001
72.6865 428.971 75.0085 404.001 88.7378 425.986 90.4881 392.973
112 446.444 120 446.444 131 443.364 141 443.364
86.9862 446.586 109.021 447.104 102.016 439.456 119.03 438.876
197.737 327.978 199.015 313.001 198.792 308.987 199.518 296.971
501.373 231.605 596.384 80.6123 557.594 176.776 566.226 161.124
484.607 213.155 494.461 238.212 528.491 162.215 543.661 198.143
751.078 224.95 764.072 223.879 856.96 168.749 869.951 166.693
778.065 222.985 786.201 257.19 870.958 168.01 872.78 175.818
777.394 234.145 783.369 259.151 870.727 177.093 882.321 211.231
787.99 258.6 819.022 258.458 884.931 210.615 907.111 206.613
834.97 296.938 836.625 322.96 948.236 247.039 949.624 274.019
828.511 288.968 830.106 314.057 937.37 240.974 938.298 253.979
859.898 310.026 866.272 335.184 983.978 261.8 991.19 297.165
864.157 335.903 876.723 356.171 993.051 297.956 1020.42 325.571
791.043 283.865 823.968 280.565 894.849 236.174 930.926 229.597
787.884 288.223 825.098 282.652 882.024 242.128 932.138 232.736
771.689 251.986 772.242 280.015 863.03 201.999 864.438 231.027
780.554 284.012 781.032 260.98 881.829 231.997 882.029 219
459.612 358.985 461.923 299.997 496.747 332.996 497.647 267.995
419.216 278.378 464.03 293.914 440.02 244.926 503.195 262.289
417.192 348.98 418.865 280.021 438.03 322.997 438.895 246
418.86 349.547 465.155 361.393 439.881 323.633 502.117 335.383
469.182 419.004 473.074 255.978 509.813 346.991 510.116 373.999
392.515 548.985 394.501 482.985 429.816 551.003 430.038 483
398.858 556.023 400.512 494.014 425.926 478 425.989 545.999
408.434 554.986 410.073 488.977 442.573 479.01 442.966 495.978
421.668 506.029 422.332 490.971 458.464 549.997 458.835 486.999
423.822 556.011 424.912 491.997 461.942 550.001 462.028 483
411.686 556.017 413.26 492.982 445.996 551 446.004 483
189.679 559.988 192.839 467.014 193.751 461.047 196.413 475.111
212.659 554.985 216.148 473.963 213.307 553.007 215.375 465.985
209.963 550.999 212.191 477.006 210.296 553.027 211.15 468
233.865 555.017 235.396 477.008 231.905 551.999 232.41 467.002
91.0693 368.383 105.944 365.691 105.958 356.833 120.071 353.284
91.2539 367.018 96.4503 293.961 104.732 355.988 108.168 278.963
111.653 364.043 116.452 292.03 121.89 352.043 125.504 276.976
96.4716 292.977 97.1761 277.008 108.062 276.906 109.854 258.985
549.987 366.805 567.999 367.089 616.01 338.155 624.041 337.619
553 345 553 362 609.054 313.999 609.468 336.01
45.9797 466.727 61.0238 467.148 45.9923 460.306 79.9959 461.164
563.946 412.44 586.966 415.273 622.056 389.384 654.104 384.714
579.997 399.731 608.001 399.855 637.058 374.609 656.974 372.721
579.911 534 579.93 509.001 640.333 496.987 641.282 521.989
575.924 487.001 576.163 509.009 632.92 529 633.139 466.997
575.001 541.095 596.011 540.822 633.992 531.849 657.999 532.071
576.988 537.814 595.999 538.086 636.977 528.344 658.018 529.733
575.936 536 576.135 508.994 635.841 496.007 637.221 526.99
578.892 505.997 579.242 491.981 639.197 469.996 639.637 493.007
579.99 506.608 596.98 506.192 641.034 494.268 651 493
581 510 595.017 509.6 641.001 497.015 656.017 496.485
180.99 459.58 253.997 457.864 176 452 222.997 449.883
420.941 275.16 466.078 291.787 438.748 240.905 502.129 258.537
419.782 273.998 420.35 213.994 439.231 239.003 440.116 172.988
422.062 212.857 468.031 232.929 442.038 172.891 524.726 201.785
415.29 205.344 468.132 228.702 434.238 165.317 509.196 191.437
374.943 201.43 413.924 206.575 385.934 162.942 432.985 166.217
507.111 235.869 528.024 233.188 554.988 194.589 575.029 193.999
509.016 232.18 528.946 230.394 560.034 191.268 579.966 188.732
98.5839 546.971 103.374 478.956 121.895 548.03 124.537 470.018
91.1169 553.948 97.097 465.834 106.389 554.972 111.097 458.834
73.0371 567.371 87.9876 565.876 89.01 568.574 123.991 569.395
95.8917 590.003 96.2421 604.019 101.301 590.992 101.672 605.009
99.9773 604.51 171.015 607.67 102.985 606.24 163.003 609.955
118.988 595.18 167.034 598.512 139.943 596.905 161.981 598.299
131.975 592.484 164.988 594.22 147.02 592.813 165.025 594.771
169.286 579.047 171.201 608.053 166.077 595.991 168.053 612.116
172.987 608.508 203.019 607.685 169.987 611.778 208.035 609.606
1.98658 597.825 16.9754 596.678 46.1336 599.952 62.9429 597.593
18.0052 598.731 72.0025 598.347 4.94536 594.981 45.0438 597.214
100.088 581.01 101.022 573.003 100.916 589.02 101.217 575.005
194.061 559.151 209.055 560.232 196.056 557.691 207.85 559.83
191.177 571.029 192.823 560.971 191.788 573.127 194.082 558.852
745.509 264.05 747.572 243.056 831.49 183.996 831.773 221.002
745.769 205.046 749.352 223.128 822.715 154.798 830.626 182.823
281.959 202.381 299.972 199.759 266.992 172.511 296.207 165.687
269.006 219.035 299.996 215.133 26.2521 250.924 286.02 180.074
853.766 334.989 854.012 352.014 975.001 290.024 975.522 312.011
665.027 582.254 725.798 582.066 694.983 577.32 789.972 581.55
226.032 282.363 262.765 277.514 216.325 256.941 240.818 248.473
294.121 234.903 295.99 217.999 283.862 199.985 285.617 184.068
130.043 246.257 284.915 220.49 27.2465 253.908 266.023 189.085
99.8195 599.034 113.889 596.405 106 599 124.041 598.381
606.002 510.094 623.014 509.795 667.932 497.095 688.044 495.582
606.822 533.011 607.108 511.001 669.06 498.997 670.173 524.037
606.963 534.553 624.262 536.139 672.003 524.892 686.019 525.242
603.985 538.784 619.998 539.098 666.001 529.095 687.011 528.822
605.943 484.99 606.159 506.009 664.942 469 665.125 528
623.866 493.162 627.974 471.182 686.709 475.974 688.991 449.999
557.001 468.157 629.113 468.515 614.983 451.505 687.997 448.928
520.999 460.895 555.005 460.648 576.013 443.128 626.987 443.868
567.992 464.701 634.01 464.248 661.059 445.829 692.98 444.709
557.99 551.422 590.998 550.872 622.966 537.384 643.978 539.247
563.735 471.002 563.918 503 620.625 497.012 621.44 454.989
564.997 471.091 628.003 470.909 623.015 454.415 687.003 452.077
100.038 595.381 114 594 106.002 596.029 123.052 594.63
642 358 642 349 705.704 329.973 706.128 340.995
37.9792 579.272 57.0208 578.728 55.0704 578.681 76.053 576.513
38.0046 558.373 60.996 558.543 50.9939 555.25 78.9776 555.926
60.4107 567.086 63.1787 553.828 77.7802 584.967 81.8657 550.971
13.9391 574.649 34.9421 576.618 20.0102 573.345 44 572.778
35.9608 594 36.1568 578.002 50.2418 597.013 51.2806 577.015
718.903 229.36 735.965 226.771 783.183 175.932 806.084 171.429
682.654 196.289 695.855 212.121 757.865 145.116 781.896 173.089
720.012 212.751 729.04 213.202 778.965 156.803 817.984 149.907
707.077 212.558 722.069 210.5 780.762 161.078 819.049 151.19
601.495 94.5907 660.712 166.238 654.334 32.7141 717.417 106.498
672.335 172.366 677.296 181.387 694.34 69.633 749.111 134.91
709.973 222.315 726.027 221.685 782.01 168.075 798.976 165.816
389.058 345.594 408.096 348.328 393.969 321.553 425.048 322.332
375.965 349.515 408.947 351.773 390.979 325.667 427.975 326.815
111.093 632.837 191.982 623.838 183.085 631.028 299.98 641.232
199.818 349.979 201.758 332.972 199 334 199 316
35.0153 517.868 65.9811 519.299 56.0035 513.889 81.9773 514.714
30.9874 523.767 65.9943 524.344 57.0022 519.865 86.0108 520.336
382.199 268.005 383.431 215.01 397.998 237 398.376 178.002
382.011 206.907 414.043 210.627 393.985 169.216 432.049 171.313
406.254 271.008 407.827 222.994 424.616 239.02 426.436 182.982
380.046 269.517 405.012 271.873 396.028 238.111 423.001 238.953
380.977 273.237 411.08 276.178 396.977 241.364 428.041 243.368
404.188 345.005 405.598 289.99 423.734 319.994 427.623 244.907
26.9911 443.576 70.0117 444.243 50.9851 436.597 83.954 436.552
55.9739 395.236 70.0233 396.79 46.9749 388.706 73.0409 386.478
25.9993 380.866 53.0036 380.735 52.0428 370.777 64.1712 373.11
152.98 478.574 177.022 477.472 157.009 464.824 171.973 465.55
735.917 230.107 748.875 240.161 810.055 175.907 827.76 186.405
631.669 468.963 632.729 488.015 692.298 449.969 695.373 479.066
538.045 329.57 654.947 320.329 590.944 297.577 715.881 281.097
818.886 473.344 834.189 478.431 912.953 459.562 940.927 461.877
809.857 477.876 839.059 482.637 912.077 456.189 943.082 459.138
847.604 422.981 850.27 506.023 947.625 491.975 948.948 471.997
831.831 486.001 832.239 535.006 943.854 466.006 945.347 505.025
166.391 331.982 167.163 348.993 172.834 339.998 174.438 271.98
121.949 601.767 166.921 603.973 127.969 601.426 163.001 603.992
429.307 350.964 429.368 290.982 453.52 316.012 454.825 258.996
405.883 200.608 427.843 204.818 432.32 160.088 512 187.999
624.959 345 625.035 334.993 684.11 303.991 684.779 312.018
379.811 343.996 381.304 275.007 396.321 318.991 397.226 248.003
43.027 451.329 69.0251 452.377 45.9827 444.598 75.0163 445.439
45.9587 457.381 53.9897 456.845 51.0036 448.36 74.0013 448.13
17.987 507.602 49.0157 508.273 47.0113 500.624 72.0188 501.377
311.951 464.65 340.018 466.767 296.006 451.141 309.984 450.592
217.008 304.855 245.006 304.593 229.041 283.205 243.854 280.264
450.381 356.041 451.908 292.998 482.905 328.999 483.701 259.997
311.125 220.703 325.161 226.618 304.066 186.766 345.159 198.441
451.993 286.031 453.704 232.022 483.939 192.999 484.03 252
445.32 282.018 448.143 232.951 475.775 238.987 478.3 193.961
654.069 188.42 671.914 185.477 713.802 144.216 736.845 138.387
467.102 221.757 479.949 227.122 450.919 163.225 482.752 174.689
119.01 583.807 153.161 586.083 106.979 582.742 163.985 587.235
103.001 573.055 114.995 572.791 106.997 572.965 123.978 571.703
461.686 288.021 462.997 246 496.658 256.143 498.754 200.025
20.9887 553.618 60.0122 554.332 41.988 550.468 76.9907 551.365
21.9935 550.771 55.9995 551.057 37.9951 547.804 78.0058 548.048
395.959 481.381 433.017 483.774 422.001 469.964 472.001 470.943
394 478 439.937 480.869 417.975 465.655 476.004 467.906
393.973 474.785 440.042 477.43 417.986 462.205 479.023 464.33
698.971 562.576 734.007 562.14 708.016 553.286 796.016 555.298
734.501 563.969 735.853 586.009 807.423 576.97 808.37 558.967
661.01 556.739 737.075 559.154 714.977 549.565 809.965 552.402
740.953 581.258 761.062 579.979 811.02 577.726 838.027 576.987
734.319 232.058 736.353 256.055 811.787 181.007 812.598 205.981
771.002 472.978 809.002 475.974 842.957 450.537 883.023 453.715
766.026 463.069 796.974 463.931 844.001 440.834 890 441.003
623.071 403.925 677.059 399.772 719.952 373.488 732.034 372.359
783.136 479 783.254 519.002 869.572 456.971 873.027 525.999
435.67 280.026 437.809 224.031 461.787 245.997 462.728 181.011
340.918 283.294 364.029 287.866 355.117 249.506 377.791 254.883
420.701 545.992 421.799 506.994 455.704 519.973 456.155 542.99
756.052 244.562 772.008 243.08 835.005 197.044 862.093 193.774
190.008 333.141 200.974 332.527 217.948 306.226 249.126 297.46
429.597 276.987 433.268 224.744 454.56 243.014 455.957 187.999
434.464 352.018 435.955 286.998 461.012 324 462.433 252.989
179.954 356.997 182.134 317.007 182.687 298.005 183.361 338.994
858.085 315.206 862.555 335.1 981.628 267.84 987.564 291.111
99.0152 381.205 121.042 379.573 103.106 370.939 136.025 367.222
196.719 351.024 197.28 334.009 202 315 202 334
306.152 240.383 320.762 243.971 298.066 208.431 319.957 211.865
750.728 270.021 751.272 250.979 820.146 188.992 822.367 215.222
41.0049 387.872 52.0271 388.296 54.0175 380.209 70.9825 378.791
515.619 218.785 526.816 198.896 559.467 187.253 591.112 127.639
603.001 542.095 624.011 541.822 664.001 532.071 688.008 531.849
706.979 209.819 730.021 207.181 787.916 148.535 812.035 144.194
729.012 204.372 744.996 203.863 776.985 153.908 817.065 147.401
777.915 280.999 778.216 258.003 869.772 233.017 870.156 206.87
280.837 213.357 298.004 209.016 270.925 179.782 286.76 174.307
588.11 121.88 610.018 119.146 653.989 60.9585 661.956 58.834
84.9981 460.02 107.978 462.228 121.998 452.939 142.011 452.394
89.0263 400.272 102.993 398.926 103.012 390.153 114.941 389.235
846.013 308.819 856.033 309.548 950.99 264.919 979.939 261.487
717.006 554.864 727.031 555.32 772.294 544.392 799.026 548.758
160.018 507.226 180.952 502.736 153.991 493.176 170 494
29.8271 368.062 31.4845 346.036 53.2333 368.006 54.0998 336.003
408.001 563.071 432.008 562.849 422.008 559.505 464.998 558.167
396.02 560.624 432.064 560.523 422.977 557.779 460.975 553.764
835.983 331.228 850.998 330.897 957.012 284.257 976.016 283.342
33.9773 500.687 65.0139 500.795 64.9875 495.142 77.9751 496.284
129.459 550.025 132.178 475.003 131.856 547.993 135.607 470.981
256.005 545.076 276.999 545.18 255.037 543.342 265.028 542.259
611.09 456.541 647.995 454.909 696.976 437.724 708.996 438.121
649.935 453.127 674.025 451.33 686.94 436.585 708.919 433.435
5.0082 577.829 34.9872 579.268 16.9802 576.364 49.991 578.164
19.0304 504.777 51.0599 506.202 60 498 86.0111 498.902
418.861 353.571 465.046 364.813 439.033 327.82 505.035 339.805
56.4062 372.935 59.6692 342.964 73.2082 371.036 77.822 344.141
559.999 543.046 623.985 544.615 659.002 533.956 694.014 535.724
774.464 303.803 854.055 356.917 914.715 288.591 971.11 315.772
866.396 380.984 868.926 442.003 994.901 347.865 999.05 408.066
760.154 506.989 760.846 453.998 835.806 473.997 836.512 430.992
33.7247 371.98 38.552 306.967 56.6888 362.986 57.9785 333.999
742.99 557.227 755.001 557.068 812.974 551.624 829.036 550.53
862.409 363.33 897.98 385.033 987.222 323.538 1021.89 340.236
684.002 307.265 723.001 307.352 755.068 256.904 776.025 255.33
663.003 308.892 677.019 309.242 700.971 269.518 739.003 268.034
548.025 317.337 635.998 311.088 581.93 286.49 699.919 270.405
520.982 327.775 658.027 317.296 577.156 294.278 716.888 277.165
658 295.284 673 295.269 717.94 253.331 746.898 258.562
609.191 279.264 657.117 293.761 665.173 238.129 704.027 245.866
651.07 259.471 680.027 255.181 725.018 209.094 741.181 205.925
778.745 325.994 780.654 401.006 865.651 299.012 868.205 370.993
786.883 358.018 790.742 404.025 862.617 295.011 864.795 371.006
574.62 353.956 576.013 341.886 632.961 336 632.968 310
631.849 391.997 632.345 361.989 684.409 358.917 685.8 348.972
274.971 349.679 294.988 347.871 275 327.767 296 327.779
317.981 384.104 356.041 389.619 331.989 368.147 369.021 370.742
201.537 327.96 202.735 313.977 209.776 318.966 212.615 300.092
272.647 373.043 274.102 351.007 257.101 329.973 257.637 311.989
325.146 390.282 354.167 396.176 339.054 374.473 375.975 378.248
322.959 359.381 350.126 366.588 335.891 340.558 359.173 345.115
330.987 364.049 348.806 368.738 332.976 343.132 357.874 347.686
98.2559 392.915 120.217 386.777 132.071 373.33 169.079 365.366
148.012 412.142 169.032 410.385 154.044 401.288 173.057 398.374
127.02 410.119 170.001 403.007 153.928 398.661 172.17 394.807
80.975 424.727 98.0149 423.162 113.073 414.726 120.993 413.934
182.087 315.005 183.303 293.017 202.701 270.975 203.299 288.025
510.586 152.95 513.815 190.931 557.394 171.946 559.549 141.902
483.845 190.901 485.86 208.017 530.764 161.009 531.282 118.003
516.952 204.997 519.992 153 567.773 105.002 568.042 134
606.676 84.0777 610.065 98.2241 659.725 20.0826 664.266 35.2202
824.824 291.017 827.297 317.067 934.133 241.063 936.086 267.994
771.835 281.291 783.165 287.709 864.665 232.651 880.976 241.046
405.147 409.118 468.066 419.605 425.105 390.12 510.953 400.395
97.95 292.948 108.634 282.621 110.213 278.15 118.838 265.886
22.0304 457.777 31.9817 459.134 47.0658 451.646 60.9581 454.226
329.209 78.9601 379.975 67.8843 339.1 43.2677 413.26 15.7
484.253 187.018 486.197 158.944 499.568 93.1426 508.196 119.266
456.289 125.308 459.682 133.138 459.151 0.93549 497.43 87.8135
190.886 599.769 210.056 602.623 192.866 601.645 210.157 605.249
195.988 597.142 208.975 598.284 192.071 598.305 229.985 602.149
218.982 588.768 232.973 587.657 220.002 589.685 243.001 589.798
281.006 603.117 313.029 601.608 279.05 606.716 315.013 604.19
313.959 599.112 359.001 597.02 350.01 600.12 375.991 597.894
329.105 603.854 358.038 600.307 351.859 605.073 376.061 601.399
343.087 607.934 397.986 602.845 353.969 609.68 486.045 595.372
365.016 596.168 435.07 590.563 381.085 596.913 433.005 592.057
434.933 589.4 481.901 584.118 468.986 587.886 534.985 579.879
436.016 592.162 459.984 589.838 473.967 590.714 536.052 583.442
508.962 14.872 516.267 77.9986 560.681 1.0267 562.106 18.0748
58.8174 161.171 79.8962 156.529 40.8399 157.073 83.8153 141.524
224.985 199.526 257.016 198.503 212.008 169.148 238.98 167.645
284.22 200.556 307.179 191.452 276.624 166.25 303.803 152.608
875.209 359.754 886.038 368.955 989.122 316.848 1021.94 335.125
635.995 600.141 670.988 601.352 693.834 598.903 727.02 600.728
746.003 599.964 760.975 601.285 818.924 599.561 837.001 601.994
680.992 602.561 718.998 603.131 744.003 602.794 785.995 603.374
248.084 288.373 265.12 284.532 241.001 264.006 255.19 260.857
171.986 262.897 210.968 257.759 174.955 240.788 207.002 234.008
275.944 280.078 302.029 278.481 266.014 254.085 287.909 250.45
275.043 266.348 291.043 264.348 267.054 238.275 279.946 235.725
486.782 500.999 487.588 383.992 534.1 365.996 534.662 414.982
499.216 170.99 500.479 198.024 535.902 109.94 537.557 135.029
32.0052 520.848 66.0338 522.011 57.0233 517.09 85.9787 517.832
8.94204 414.07 29.9849 412.759 38.0116 406.204 54.957 405.242
0.990377 425.547 41.0148 424.697 14.0464 419.829 64.2217 415.634
676.999 623.227 746.009 620.291 770.9 628.53 786.896 631.549
697.92 626.336 745.033 623.425 760.995 636.957 794.136 631.372
692.007 502.21 722.976 501.228 781.168 487.609 794.018 484.064
852.244 508.996 853.028 555 974.358 491.979 977.982 552.942
855.773 507.982 857.265 570.994 978.482 493.029 981.538 548.026
118.884 228.483 132.116 225.517 112.91 204.687 151.837 193.436
830.843 263.873 835.231 292.965 940.403 208.899 947.883 239.926
78.7572 410.165 99.9967 403.989 99.9729 394.704 119.984 394.31
491.092 200.988 494.378 226.081 511.374 121.256 527.378 161.311
26.0411 497.711 61.014 497.795 43.9628 493.474 63.009 492.128
355.026 495.999 375.986 495.455 376.986 486.701 395.991 485.8
335.062 450.309 362.026 452.713 337.981 434.301 387.028 438.905
317.005 168.043 328.97 166.729 309.956 130.809 326.978 126.906
9.99901 544.81 31.9984 544.695 34.9924 542.917 62.0401 540.437
305.954 179.795 322.046 176.205 297.293 144.759 318.259 136.672
322.053 241.868 350.836 253.41 310.864 207.372 319.767 210.637
139.016 220.762 165.061 223.541 162.959 203.613 183.936 201.398
388.082 460.186 426.988 464.121 415.013 446.815 481.042 451.398
390.965 465.335 442.926 470.715 415.995 453.164 481.027 455.336
636 556.961 661.317 554.887 696.842 551.189 713.97 547.848
793.967 484.165 812.823 487.894 897.043 465.598 919.004 467.966
701.978 428.273 713.978 429.262 766.969 402.488 782.968 403.508
686.086 422.837 706.97 420.703 746.044 396.986 762.966 396.235
665.976 407.568 700.038 405.688 717.744 382.268 753.021 378.366
649.986 405.205 687.005 403.729 722.012 377.229 741.013 376.242
325.755 281.474 366.037 291.815 350.908 255.482 373.832 259.877
232.066 318.004 241.027 318.602 226.744 299.268 247.95 294.804
269.188 301.761 282.138 298.559 262.538 278.115 273.27 272.518
447.119 110.959 464.666 161.77 455.821 2.64916 503.711 114.696
529.976 323.721 665.256 310.732 581.083 291.606 723.027 272.196
369.06 598.339 380.06 599.339 402.977 598.687 415.981 597.744
343.987 604.854 377.974 601.721 355.019 607.182 402.039 602.384
350.982 232.061 362.829 235.576 354.956 196.135 377.782 203.661
711.983 465.289 741.014 464.578 798.055 445.367 813.018 443.122
546.104 174.047 553.439 157.747 596.451 123.768 604.479 104.78
95.0571 371.297 106.036 369.185 101.86 361.435 120.93 356.717
318.811 317.576 345.85 326.456 333.004 296.982 347.971 300.136
287.964 329.251 361.129 340.495 276.905 305.675 316.956 311.315
547.964 289.834 562.911 286.59 590.875 253.218 636.113 244.485
530.311 307.548 564.198 288.349 574.399 278.454 617.707 250.557
528.019 285.15 573.303 278.859 590.993 244.95 622.022 242.312
840.976 585.46 851.998 586.038 939.969 585.958 967.005 586.837
823.003 597.108 842.985 596.511 921.997 592.358 969.124 591.684
797.99 604.251 826.987 605.348 847.978 602.02 907.985 599.636
743.199 609.817 840.243 584.709 935.174 583.603 958.27 576.935
338.028 610.759 346.036 611.693 361.017 613.272 382.006 613.749
349.101 619.555 366.086 616.475 390.037 617.331 408.037 618.319
365.897 619.513 395.008 620.871 408.995 620.818 441 621
415.01 622.859 428.018 623.742 456.088 624.587 479.853 621.022
484.001 620.932 509.007 621.145 481.005 621.767 551.004 624.147
390.029 627.3 429.004 628.901 426.001 629.057 473.906 627.593
9.00161 243.937 35.9839 244.629 61.2248 237.819 91.839 229.414
691.018 543.514 704.002 543.057 761.022 532.164 787.013 531.741
906.008 647.869 938.017 649.709 904.003 674.953 997.03 681.582
675.044 327.838 731.369 322.763 773.029 283.73 805.974 284.861
502.723 170.025 504.329 187.971 554.533 139.99 555.181 174.016
645.005 571.72 708.003 572.812 743.003 569.114 756.021 568.742
628.986 575.659 711.015 577.784 697.034 572.268 787.971 574.737
724.045 611.141 741.964 608.784 773.977 614.565 808.986 611.817
383.998 440.017 452.037 447.668 404.995 425.076 489.065 431.093
386.051 445.549 447.938 452.545 404.941 430.888 487.971 436.439
384.117 428.079 458.922 437.611 398.074 412.052 497.937 419.813
428.03 428.769 457.063 432.509 389.915 404.99 498.039 415.873
650.939 218.408 675.983 215.831 721.977 163.834 737.943 161.593
487.485 320.997 487.837 382.001 537.001 313 539.163 357.041
35.89 431.267 51.1467 428.978 31.9763 421.318 54.9832 420.517
234.972 221.861 266.887 215.44 238.231 190.691 263.121 182.361
786.194 603.814 821.995 595.711 878.993 605.754 921.027 605.785
560.936 233.818 590.741 223.268 638.222 184.949 662.084 179.361
502.521 152.935 504.521 168.935 553.65 120.019 554.862 77.996
493.959 536.381 543.007 536.418 561.968 523.915 588.969 524.868
397.959 601.619 484.04 592.34 490.116 594.883 538.074 588.561
125.021 251.132 263.036 230.693 129.116 231.434 252.824 198.342
9.00026 256.152 28.9985 256.119 43.1231 252.595 82.9719 243.759
852.059 372.017 854.424 505.993 972.022 353.055 974.436 395.975
870.308 381.988 872.53 440.018 1000.54 344.972 1003.37 410.026
461.155 589.036 474.96 591.251 497.966 590.672 515.98 588.807
816.508 372.974 818.697 416.015 919.654 313.961 923.47 377.972
380.735 99.6251 388.039 91.0329 379.134 55.33 396.172 48.4249
371.173 92.8172 388.807 89.0866 386.686 45.0688 401.973 39.9208
445.994 566.378 454.008 566.511 485.999 562.109 526.995 562.51
620.993 639.257 663.987 640.469 691.019 654.448 782.052 659.27
386.076 449.301 447.004 455.964 407.036 435.388 487.017 439.772
386.078 452.289 446.014 458.869 406.972 438.436 490.013 443.792
617.993 628.391 691.995 627.555 678.002 640.787 717.008 641.164
568.977 423.918 593.027 421.513 624 401 651.094 397.353
458.011 597.81 473.018 598.692 498.019 596.687 510.973 597.456
372.001 413.686 385.001 413.743 388.005 395.89 406.012 396.743
414.055 434.592 454.001 439.994 404.084 415.016 494.023 422.73
698 629.97 733.004 630.141 787.996 638.893 823 639.051
378.946 433.768 412.988 436.171 402.067 418.028 483.031 423.68
381.065 436.426 455.021 444.811 401.071 421.086 491.989 428.136
272.947 624.896 384.97 631.505 292.011 629.745 345.056 630.467
193 622.927 272 622.873 220.986 629.359 271.022 629.215
844.254 598.86 867.962 591.871 932.138 605.457 994.853 586.514
492.995 538.058 515.992 540.092 562.97 527.456 600.948 526.24
585.003 562.822 593.001 562.956 642.894 548.652 684.109 555.324
381.003 601.052 397.001 600.012 416.99 596.247 462.995 595.625
1.05546 265.381 129.105 246.72 7.12306 261.509 39.1817 253.751
506.927 153 507.153 202.004 549.955 79.0002 550.094 119.003
