609 360 624 359 668 329 686 328
607 340 608 360 666 316 668 327
759 281 770 292 829 231 843 242
803 330 842 355 868 274 943 306
847 373 848 421 962 319 967 364
790 404 786 358 875 331 873 289
755 291 757 312 827 245 827 272
737 271 755 293 812 230 825 244
723 307 685 307 776 255 755 256
677 309 663 308 739 268 701 269
635 311 548 317 699 270 582 286
520 327 657 317 577 294 716 277
658 295 672 295 717 253 746 258
609 279 657 293 648 238 662 238
651 259 679 255 725 209 740 206
778 325 780 400 865 299 868 370
847 422 850 505 968 394 971 487
759 313 760 335 832 272 833 344
585 360 584 340 643 332 642 310
592 364 578 366 655 334 633 336
575 395 574 355 633 369 632 338
594 395 577 396 653 368 635 370
578 368 579 375 638 350 637 360
578 342 579 360 635 320 637 332
549 397 547 380 605 371 605 330
568 396 551 397 626 370 607 372
553 394 565 393 607 367 624 368
551 374 552 392 609 346 608 365
568 373 552 374 626 344 611 346
552 369 567 370 605 342 622 341
625 376 610 377 685 346 670 348
624 394 607 395 685 366 666 367
605 394 604 364 664 367 663 333
608 363 609 385 668 334 668 346
626 362 610 364 686 331 671 332
605 363 604 340 664 332 663 306
636 364 636 385 697 347 698 357
651 374 637 376 715 344 698 345
652 385 653 376 715 363 715 346
653 392 633 393 713 363 695 365
632 361 631 339 694 363 692 303
651 361 634 362 714 328 696 330
783 287 771 281 848 231 828 222
736 256 734 232 809 203 807 177
205 328 206 310 204 311 205 291
190 290 189 306 188 265 186 307
205 350 204 333 202 340 204 315
152 361 204 356 157 347 200 341
157 369 207 367 159 356 209 349
223 404 242 404 188 395 242 385
80 392 96 391 101 382 135 379
83 284 76 384 96 267 91 373
52 369 58 300 71 360 75 286
47 306 43 367 70 290 68 359
0 346 2 301 26 364 30 296
149 268 162 263 153 248 168 241
172 265 160 268 175 243 163 247
157 286 152 359 162 248 156 342
94 271 120 268 105 255 128 249
92 283 94 273 104 272 106 257
263 230 125 251 128 232 89 241
200 262 172 266 206 237 175 244
206 363 154 366 209 346 158 353
274 349 294 347 275 327 295 327
317 384 355 389 331 368 368 370
304 419 292 418 301 405 284 404
291 401 284 540 282 405 279 537
273 536 256 534 270 533 253 531
214 299 211 315 212 274 209 297
272 373 274 351 265 352 266 334
318 407 300 408 336 393 302 391
158 440 179 440 239 519 235 541
325 390 353 396 339 374 375 378
247 672 326 681 375 374 333 371
322 359 350 366 335 340 358 344
348 368 331 364 357 347 333 343
6 353 4 372 33 345 31 376
38 306 33 371 59 293 57 332
127 381 102 383 116 372 98 373
228 385 206 387 245 373 226 374
120 377 91 379 136 362 98 368
148 412 168 410 154 401 172 398
166 407 148 409 172 394 154 398
127 410 169 403 131 401 149 397
85 408 125 411 115 400 129 400
99 403 78 410 113 398 104 399
104 432 77 433 117 424 93 425
111 422 101 423 120 413 114 414
165 434 189 432 178 424 190 421
139 392 81 395 135 381 96 385
75 404 72 428 90 392 88 425
86 446 108 447 102 439 119 438
188 429 163 431 190 418 171 420
265 420 251 418 260 407 238 404
98 423 81 424 118 407 100 410
276 391 249 393 270 375 250 378
202 290 203 307 202 270 203 287
197 327 199 313 198 308 199 297
507 202 506 153 557 171 559 142
596 80 501 231 557 180 545 197
494 238 484 214 543 198 528 163
481 184 482 136 530 161 531 118
486 158 484 186 533 113 534 136
502 152 504 168 567 105 568 133
499 69 498 87 624 38 625 58
638 130 611 99 855 169 673 47
777 234 783 258 870 177 882 211
768 221 783 186 881 184 902 134
783 189 823 259 904 134 966 236
834 296 836 322 948 247 949 274
516 77 509 15 641 23 636 1
866 335 860 310 991 297 983 261
886 368 875 359 1020 325 993 298
823 280 791 283 930 229 895 236
787 288 824 282 882 242 931 232
737 266 711 233 891 251 862 237
459 358 461 300 496 332 497 268
464 293 419 278 503 262 440 245
418 349 464 361 439 323 501 335
468 419 405 409 510 400 425 390
403 410 368 407 423 391 384 389
400 494 398 555 430 483 429 551
395 556 397 494 425 545 425 478
420 545 421 507 458 549 458 487
424 491 423 555 462 483 461 550
408 554 410 489 442 550 443 497
413 492 411 555 446 483 445 551
216 473 212 554 215 465 213 552
209 550 212 477 210 553 211 468
233 555 235 477 231 551 232 468
91 368 105 365 105 356 119 353
96 293 91 366 108 278 104 355
108 283 97 292 118 265 110 277
111 364 116 292 121 352 125 277
567 367 550 366 624 337 616 338
553 345 553 362 609 313 609 335
5 478 0 470 35 475 30 464
1 538 6 480 32 533 35 477
45 466 60 467 45 460 79 461
31 459 22 457 60 454 47 451
253 164 243 165 338 44 31 156
594 410 574 411 654 384 622 389
608 399 580 399 656 372 637 374
579 509 579 533 640 496 641 521
576 509 575 487 636 495 635 471
575 541 596 540 633 531 657 532
595 538 577 537 658 529 637 528
575 535 576 508 637 526 635 496
579 491 578 505 639 469 639 492
579 506 595 506 641 494 650 493
595 509 581 509 656 496 641 497
180 459 253 457 176 452 222 449
420 275 465 291 438 240 501 258
468 232 422 212 524 201 442 173
415 205 467 228 434 165 508 191
374 201 413 206 385 162 432 166
507 235 527 233 554 194 574 194
528 230 509 232 579 188 560 191
366 78 340 91 413 15 339 43
469 164 460 140 508 119 499 93
452 115 428 43 497 87 459 1
108 550 112 476 121 548 124 470
97 465 91 553 111 458 106 554
117 568 91 572 123 569 90 568
95 590 96 603 101 590 101 604
99 604 170 607 102 606 162 609
167 598 119 595 161 598 140 596
131 592 164 594 147 592 164 594
169 579 171 607 166 595 168 611
172 608 202 607 169 611 207 609
210 602 191 599 210 605 193 601
195 597 208 598 192 598 229 602
233 588 251 587 220 589 242 589
281 603 312 601 279 606 314 604
313 599 358 597 350 600 375 597
358 600 329 603 376 601 352 605
397 602 343 607 486 595 354 609
365 596 434 590 381 596 432 592
71 460 66 552 87 509 85 549
18 598 71 598 46 599 61 597
209 560 194 559 207 559 197 557
192 560 191 570 194 558 191 572
311 565 295 566 309 564 291 565
309 611 285 612 313 615 278 617
300 607 244 609 310 609 268 612
434 589 481 584 468 587 534 579
459 589 436 592 536 583 474 590
68 189 98 179 41 156 83 141
284 200 306 191 276 166 303 152
165 237 224 226 26 250 285 180
1 262 128 244 0 255 24 250
854 352 853 335 975 312 975 291
635 600 670 601 693 598 726 600
663 581 635 580 789 581 695 577
760 601 746 599 837 601 819 599
680 602 718 603 744 602 784 603
265 284 248 288 255 260 241 263
226 282 262 277 216 256 239 248
294 234 295 218 283 199 285 184
284 220 130 246 266 189 27 253
129 246 1 265 25 252 1 258
171 262 210 257 174 240 206 234
302 278 276 280 287 250 266 254
275 266 290 264 267 238 279 235
642 358 642 349 704 324 703 312
116 472 112 549 127 488 125 550
129 550 132 475 139 548 142 478
99 599 113 596 106 599 123 598
623 509 606 510 688 495 668 497
607 511 606 533 669 498 670 523
606 534 623 536 672 524 685 525
619 539 604 538 687 528 666 529
603 537 602 487 665 527 664 469
623 493 627 471 686 475 688 450
557 468 629 468 614 451 687 448
522 518 541 515 554 491 582 493
486 500 487 384 539 483 539 471
482 439 482 501 533 432 535 482
605 484 606 505 668 477 668 492
520 460 554 460 576 443 626 443
634 464 568 464 660 446 614 447
493 536 542 536 562 527 599 526
557 551 590 550 622 537 643 539
563 471 563 502 621 454 620 496
628 470 565 471 687 452 623 454
114 594 100 595 123 594 106 596
38 582 56 582 55 573 62 575
57 578 38 579 76 576 55 578
60 558 38 558 78 555 51 555
735 226 719 229 806 171 783 175
695 212 683 196 781 175 750 141
707 212 721 210 778 156 817 150
660 166 602 95 717 106 654 32
653 152 664 163 694 69 748 134
709 222 725 221 782 168 798 165
389 345 407 348 393 321 424 322
408 351 376 349 427 326 390 325
191 623 111 632 181 631 116 636
196 351 197 334 199 334 199 316
65 519 36 517 81 514 56 513
32 520 65 522 57 517 85 517
65 524 30 523 86 520 57 519
483 190 485 207 525 134 527 157
478 129 453 117 600 98 568 82
457 124 476 134 567 85 599 102
383 215 382 267 398 178 398 236
414 210 382 206 432 171 394 169
405 288 409 278 424 239 426 183
380 269 404 271 396 238 422 238
411 276 381 273 428 243 397 241
26 443 69 444 50 436 82 436
31 414 47 414 56 407 82 403
29 412 9 414 54 405 38 406
70 396 56 395 73 386 47 388
53 380 26 380 64 373 52 370
0 410 41 408 38 402 62 400
40 422 24 422 53 410 34 412
0 425 40 424 14 419 64 415
33 406 20 407 26 411 15 418
207 304 206 289 200 287 200 271
781 182 765 221 902 126 878 184
819 220 783 183 958 172 904 126
998 198 821 219 1022 160 960 171
697 626 744 623 761 636 794 631
585 603 584 574 623 606 623 570
546 615 699 613 596 620 626 618
509 623 541 625 576 618 594 619
160 456 178 450 166 448 181 441
211 475 203 465 164 451 144 450
152 478 176 477 157 464 170 465
735 230 748 239 810 175 827 186
692 502 721 501 758 487 779 486
631 468 632 487 692 449 695 478
654 320 538 329 715 281 590 297
809 477 838 482 912 456 942 459
853 554 852 509 977 552 974 492
852 584 878 574 988 570 1021 561
831 486 832 534 943 466 945 504
855 507 857 570 978 493 981 547
447 93 470 109 560 56 593 76
151 212 176 212 112 204 151 193
169 295 167 322 174 271 172 339
835 292 830 264 947 239 940 209
166 603 121 601 163 603 128 601
404 345 405 290 453 316 454 259
222 488 219 554 194 474 192 557
477 187 469 166 527 161 511 121
427 204 406 200 512 187 432 160
624 344 625 335 684 312 684 304
381 275 379 343 397 248 396 317
43 451 69 452 45 444 74 445
26 497 60 497 43 493 62 492
51 506 19 504 72 501 47 500
355 495 375 495 376 486 395 485
317 451 361 455 345 440 384 443
217 304 244 304 229 283 243 280
468 24 466 65 589 3 588 30
328 166 317 168 326 126 310 130
280 179 293 175 284 145 313 135
31 544 10 544 62 540 35 542
435 286 434 351 483 259 482 328
322 176 306 179 318 136 297 144
325 226 311 220 345 198 304 186
322 241 350 253 322 209 357 220
437 224 435 279 483 192 484 251
429 276 433 225 475 238 478 194
53 440 34 441 68 427 47 429
481 225 439 206 511 181 503 178
153 586 119 583 163 587 107 582
445 282 448 233 496 256 498 200
20 553 59 554 41 550 76 551
55 551 22 550 78 548 38 547
118 228 131 225 136 204 161 205
433 483 396 481 472 470 422 469
448 491 460 493 506 489 532 489
343 474 373 476 323 463 384 464
311 464 339 466 347 456 379 457
426 464 388 460 481 451 415 446
390 465 442 470 415 453 480 455
394 478 439 480 417 465 475 467
440 477 394 474 479 464 418 462
734 563 735 585 808 558 807 576
737 559 661 556 809 552 715 549
661 554 636 556 713 547 697 551
761 579 741 581 838 576 811 577
772 280 771 252 875 237 876 210
771 472 808 475 842 450 882 453
766 463 796 463 844 440 889 440
760 412 759 440 834 398 836 419
701 428 713 429 766 402 782 403
686 422 705 420 746 396 762 396
665 407 699 405 717 382 752 378
687 403 650 405 741 376 722 377
623 403 676 399 719 373 731 372
724 374 743 369 783 340 799 339
783 478 783 518 869 456 873 525
420 213 419 273 462 181 461 245
341 283 364 287 350 255 373 259
365 291 325 281 375 257 354 253
84 326 87 290 96 347 100 275
751 249 765 247 835 197 861 193
772 243 756 244 861 189 833 194
477 68 476 39 599 31 599 1
232 318 240 318 226 299 247 294
253 317 230 324 249 297 218 306
418 280 417 348 462 252 461 323
179 356 182 317 183 338 182 298
182 315 183 293 184 296 184 257
447 110 464 161 455 2 503 113
858 315 862 334 981 267 987 291
99 381 120 379 103 370 135 367
380 599 369 598 415 597 403 598
343 604 377 601 355 607 401 602
201 332 199 349 202 315 202 334
850 330 836 331 975 287 955 286
320 243 306 240 319 211 298 208
751 250 750 269 820 188 822 214
377 466 340 464 387 451 348 453
41 387 51 388 54 380 70 378
309 375 301 375 356 352 311 350
350 232 362 235 354 196 377 203
671 483 658 482 744 463 712 466
649 453 673 451 719 430 741 430
733 630 698 629 746 428 771 425
714 452 678 445 742 418 723 420
711 465 740 464 784 445 795 443
121 330 118 361 130 314 128 338
515 218 526 199 559 187 590 128
546 174 553 158 596 123 604 105
106 369 95 371 120 356 102 361
345 326 319 317 347 300 333 297
361 340 287 329 316 311 277 305
296 313 311 318 287 288 310 295
562 286 548 289 636 244 590 253
530 307 563 288 574 278 617 250
573 278 528 285 622 242 591 244
823 597 841 596 921 592 968 591
797 604 826 605 847 602 907 599
743 609 840 584 870 597 933 582
361 29 354 71 489 33 490 63
522 248 536 243 589 207 601 204
603 542 623 541 664 532 688 531
730 207 707 209 817 147 777 153
778 258 777 280 873 207 872 236
73 362 77 319 90 323 91 304
355 610 390 606 361 613 381 613
366 614 394 613 390 617 408 618
365 619 394 620 408 620 440 620
415 622 427 623 456 624 479 621
457 616 509 617 481 621 550 624
429 628 390 627 473 627 426 629
298 209 281 213 286 174 271 179
473 255 469 418 508 266 509 280
567 440 547 442 624 419 603 422
588 121 609 119 653 60 661 58
646 562 697 560 707 557 728 555
691 543 703 543 755 534 772 534
636 481 635 466 784 525 767 524
102 398 89 400 114 389 103 390
675 327 731 322 773 283 805 284
856 309 846 308 979 261 951 264
502 170 504 187 554 139 555 173
500 198 499 171 549 186 550 141
708 572 645 571 732 566 718 566
628 575 710 577 697 572 787 574
103 336 101 353 119 327 118 351
120 316 118 327 120 270 119 301
724 611 741 608 773 614 808 611
452 447 384 440 489 431 405 425
386 445 447 452 404 430 487 436
458 437 384 428 497 419 398 412
428 428 456 432 389 404 497 415
675 215 651 218 737 161 722 163
650 222 667 219 705 171 720 167
727 555 717 554 799 548 772 544
487 382 487 321 538 311 537 294
156 486 170 485 153 493 169 493
397 100 413 102 444 69 466 82
29 368 31 346 53 368 54 336
432 562 408 563 464 558 422 559
396 560 432 560 461 554 470 554
450 40 448 63 554 10 553 35
23 428 2 427 54 420 31 421
522 579 509 577 575 574 564 572
494 592 544 593 550 587 581 589
518 454 541 453 573 437 597 435
82 188 69 192 49 160 1 200
65 500 34 500 77 496 65 495
103 478 98 546 118 476 115 546
123 473 118 550 135 470 131 547
256 545 276 545 255 543 264 542
647 454 612 456 708 433 687 436
34 579 5 577 49 578 17 576
163 414 136 415 169 403 149 404
132 419 146 417 144 408 166 406
131 417 121 416 139 407 129 406
716 457 696 456 869 515 866 496
413 179 421 181 411 129 445 149
266 215 235 221 262 182 238 190
597 228 614 226 638 184 661 179
372 110 358 112 381 62 354 71
465 364 419 353 505 339 439 327
59 342 56 372 77 344 73 370
515 540 493 538 588 524 561 523
623 544 560 543 657 535 623 533
560 442 583 445 632 412 659 409
484 592 398 601 538 588 490 594
818 473 834 478 925 434 958 438
854 356 775 304 971 315 915 288
854 505 852 373 974 395 972 354
866 380 868 441 994 347 999 407
872 440 870 382 1003 410 1000 345
760 453 760 505 836 430 835 473
816 372 818 415 919 313 923 377
643 572 603 568 679 563 645 555
742 557 754 557 812 551 828 550
378 98 365 102 396 48 379 55
371 92 388 89 386 45 401 39
447 455 386 449 487 439 407 435
386 452 445 458 406 438 489 443
669 431 682 432 731 406 747 407
663 640 621 639 714 647 669 647
568 423 592 421 624 401 650 397
897 385 862 363 1021 340 987 323
458 597 472 598 498 596 509 597
386 413 461 423 407 395 505 405
372 413 384 413 388 395 405 396
414 434 453 439 404 415 493 422
611 639 386 632 585 633 557 633
694 633 732 632 787 638 822 639
412 436 379 433 483 423 402 418
381 436 454 444 401 421 491 428
384 631 273 624 345 630 292 629
271 622 193 622 271 629 221 629
651 474 669 471 737 477 754 476
292 615 308 614 254 626 327 625
