109.347 416.432 234.18 492.705 136.415 369.327 252.159 440.742
106.626 418.611 229.217 493.645 133.762 371.385 248.417 442.326
102.47 424.231 226.134 499.781 129.179 375.71 245.624 447.609
100.501 426.813 234.133 508.535 127.745 378.408 254.627 457.598
113.9 411.163 246.439 492.283 140.512 364.79 265.129 441.791
116.234 408.618 253.66 492.557 142.489 362.206 268.929 440.115
120.873 403.207 258.648 487.575 147.843 358.253 271.204 434.67
122.373 400.388 253.004 479.993 149.301 355.511 276.503 433.808
127.619 395.626 256.109 473.821 153.848 351.246 277.362 427.413
130.396 393.348 266.852 476.244 156.071 348.884 283.077 426.875
134.117 387.806 269.703 472.284 160.632 344.598 285.389 421.367
136.095 384.844 273.395 468.35 163.302 342.508 289.932 420.111
656.076 343.907 676.797 357.297 635.029 308.954 665.998 328.004
265.815 536.431 294.172 548.598 281.751 480.592 301.11 488.738
270.091 528.701 286.759 533.79 287.898 474.268 300.908 479.24
270.153 514.646 289.916 523.193 285.703 460.598 306.124 470.751
463.281 572.523 482.2 583.661 303.269 423.533 475.523 522.828
461.937 619.962 482.63 585.377 463.053 562.035 485.579 528.387
207.934 554.159 276.644 582.853 224.88 492.277 368.314 554.274
29.6347 500.81 189.591 572.908 59.6914 442.668 208.747 511.548
29.4181 497.495 450.649 11.6955 59.6182 438.631 467.498 16.5146
856.422 484.333 991.524 311.227 840.19 450.167 971.622 299.311
813.916 463.148 853.623 485.664 799.602 429.688 837.6 451.691
813.209 461.552 827.279 443.399 800.415 427.474 811.795 414.815
828.995 444.008 863.672 463.582 814.219 413.601 847.152 431.725
856.795 446.289 869.492 455.307 842.626 417.511 853.43 425.412
838.898 407.185 862.023 419.958 822.878 378.222 846.041 390.925
830.715 411.756 836.718 404.758 822.878 376.883 853.701 344.713
868.325 366.397 894.317 380.411 855.284 344.478 878.066 356.879
866.388 373.255 890.977 386.045 853.009 350.983 874.88 363.215
301.775 582.543 339.02 597.952 313.889 520.246 371.373 545.249
299.144 579.927 300.513 563.958 312.872 508.005 313.296 519.027
355.264 563.546 434.624 609.648 364.031 507.944 457.645 560.632
348.548 576.214 353.409 563.769 359.401 519.146 363.08 509.029
356.401 131.326 446.174 184.708 376.268 121.555 459.269 171.554
353.725 133.458 443.402 187.331 373.699 123.49 456.423 174.311
350.317 139.462 442.975 194.043 369.119 127.801 455.632 179.615
347.619 141.642 474.139 216.766 367.624 130.623 514.726 219.454
487.318 243.465 513.862 259.233 357.349 141.419 522.532 240.778
333.807 156.326 477.321 241.458 354.655 143.573 488.475 224.212
330.154 161.74 475.863 248.23 349.45 147.251 487.061 229.898
327.883 164.195 506.268 270.551 347.521 149.794 514.309 250.487
323.431 169.276 502.499 275.842 344.276 154.543 511.822 254.465
320.659 171.571 498.984 278.026 342.723 157.457 507.483 257.202
317.403 177.324 495.69 283.52 338.34 161.437 503.737 261.436
314.653 179.581 492.243 285.593 335.626 163.616 500.345 263.43
309.5 184.159 488.619 290.641 330.458 167.241 497.138 267.771
308.366 187.385 485.159 292.733 329.637 170.602 494.516 270.145
304.29 192.514 482.518 298.808 325.273 174.548 490.693 274.509
301.567 194.724 480.187 301.688 322.566 176.717 488.466 277.231
298.284 200.524 475.713 306.48 318.106 180.825 484.707 281.486
297.101 203.831 473.45 309.247 315.869 183.217 482.455 284.249
290.352 207.412 468.902 314.164 311.398 187.342 478.673 288.541
288.765 210.392 466.171 316.714 310.591 190.674 476.009 290.984
284.342 215.428 463.563 322.729 305.008 193.986 472.642 295.591
281.584 217.693 460.114 324.81 303.546 196.745 469.195 297.68
276.481 222.198 456.079 329.868 298.348 200.425 465.517 301.797
275.66 225.566 453.361 332.4 295.706 202.482 463.259 304.575
270.448 230.253 449.579 337.702 292.428 207.297 459.131 308.785
268.877 233.204 447.267 340.556 289.685 209.518 456.113 310.814
264.4 238.334 443.938 346.103 285.23 213.622 453.905 316.156
261.671 240.546 441.148 348.755 284.922 217.128 451.25 318.591
256.462 245.231 436.719 353.469 279.985 221.024 446.746 322.418
254.875 248.207 434.377 356.375 276.548 222.741 444.51 325.163
250.435 253.277 431.005 361.992 273.264 227.566 440.685 329.517
248.889 256.183 428.316 364.476 271.797 230.333 438.443 332.276
244.301 261.499 424.545 369.757 266.516 234.152 434.653 336.57
242.391 264.351 421.497 372.174 264.523 236.781 431.974 339.043
236.363 268.398 417.657 377.57 259.361 240.409 429.795 342.646
235.569 271.713 414.176 379.709 258.581 243.683 425.165 345.731
230.454 276.253 350.496 349.183 253.416 247.321 421.773 350.37
229.657 279.563 347.675 351.533 252.652 250.567 362.825 318.284
459.466 44.872 511.13 232.964 474.748 46.803 518.733 213.807
439.716 37.5948 452.632 43.7693 456.884 40.2212 467.568 45.8245
356.638 356.599 407.432 387.285 371.666 323.544 418.456 352.256
467.621 322.691 512.186 268.152 476.749 295.767 518.181 251.168
471.627 322.648 497.87 294.877 479.008 298.008 493.669 284.637
495.993 314.011 510.895 323.171 504.771 288.41 529.025 301.955
516.846 349.867 531.218 333.188 523.697 320.633 532.701 310.729
474.007 332.987 539.225 367.576 481.873 306.268 517.025 322.947
471.59 338.774 539.582 374.788 479.905 310.18 542.736 343.498
496.935 293.947 516.754 269.798 517.334 265.498 523.356 257.514
363.423 124.282 454.883 178.199 383.284 115.526 465.989 165.018
360.723 126.467 450.214 179.64 380.549 117.75 462.129 166.785
704.086 484.866 725.328 498.489 698.952 448.083 714.845 457.267
694.777 501.386 713.79 512.364 686.836 461.277 705.713 472.483
727.72 500.784 751.78 469.602 707.071 472.109 729.781 448.803
757.055 485.043 764.086 476.067 740.442 452.43 753.257 439.25
729.393 454.331 751.425 467.278 721.448 419.322 741.34 432.486
721.258 459.869 724.057 444.01 713.39 424.91 716.33 405.049
643.661 523.716 713.312 440.425 639.787 478.803 700.968 412.97
724.641 495.696 748.971 466.976 715.422 457.624 739 432
595.599 388.36 611.687 406.281 600.978 364.03 608.33 369.561
622.869 404.812 642.545 384.445 629.303 368.274 640.21 356.189
614.955 369.153 635.897 375.349 610.13 338.629 619.083 341.762
595.129 387.099 611.603 367.538 595.616 357.727 608.494 339.64
587.616 391.723 597.682 377.771 588.708 360.782 596 351
596.571 351.626 609.668 336.582 601.123 322.113 610.72 311.661
577.929 318.227 603.875 326.397 581.185 295.208 606.001 300.995
563.846 337.89 574.775 322.552 567.41 311.539 579.717 295.779
282.558 568.719 294.605 549.749 297.506 506.631 306.965 493.974
285.984 571.99 296.358 551.084 298.866 513.899 309.738 499.56
465.529 29.8469 981.603 315.718 480.651 33.6235 961.667 302.595
640.916 492.937 667.366 457.352 648.804 434.821 661.698 420.724
620.607 429.712 666.111 454.799 621.299 396.471 661.476 419.157
593.726 464.661 622.77 432.791 591.486 427.505 619.942 397.944
596.502 470.627 602.142 463.107 594.716 430.606 609.773 412.808
294.717 590.661 453.258 658.397 372.891 556.25 455.289 592.341
445.189 748.019 453.945 660.094 444.489 694.937 456.897 594.11
449.981 751.179 460.608 667.956 453.701 673.95 462.755 605.965
462.216 667.124 486.81 624.467 464.095 605.062 486.695 570.454
486.556 623.201 498.605 589.857 486.493 569.203 500.629 534.848
502.034 592.925 512.658 597.753 502.044 535.911 509.644 539.711
420.779 533.308 514.928 584.132 408.708 468.555 518.348 526.339
404.065 512.878 521.642 575.671 418.174 466.674 522.763 522.444
425.052 507.903 530.376 564.298 433.775 460.423 530.174 511.673
442.026 509.951 535.612 559.73 446.105 460.802 536.589 508.775
426.858 497.264 537.267 556.502 434.344 450.356 537.357 505.331
416.899 507.91 425.848 497.865 425.421 459.482 432.51 451.562
410.431 510.36 426.36 491.301 418.776 462.826 435.822 440.862
426.243 485.542 544.345 548.351 436.836 441.31 544.364 498.314
429.69 491.581 541.817 551.343 434.911 444.167 541.889 501.208
355.588 494.816 389.92 512.159 390.277 450.703 408.952 466.083
338.419 480.468 370.072 448.106 351.551 433.546 378.709 406.705
358.051 466.044 367.855 454.873 360.469 431.457 385.639 405.648
415.658 514.641 524.268 572.497 424.136 465.743 524.057 518.894
435.978 518.042 528.722 567.521 431.313 463.406 528.245 514.536
472.374 564.383 488.513 574.153 474.296 506.47 512.2 527.641
524.526 258.83 682.136 348.762 531.792 240.362 673.957 322.075
462.154 32.9573 524.375 256.896 477.582 35.8449 531.726 239.073
446.023 25.9517 461.025 32.9456 464.075 29.8512 476.049 35.9037
683.908 660.165 884.736 772.471 673.685 610.561 861.871 716.229
996.202 637.157 1147.66 442.517 864.702 714.619 1114.36 431.319
978.25 347.543 1147.42 440.236 957.329 339.407 1114.28 426.503
951.368 377.472 976.395 347.495 933.633 363.659 955.765 339.782
965.437 372.527 978.701 356.749 937.376 368.578 957.682 347.733
980.128 356.767 1137.11 442.795 959.228 347.588 1106.08 428.862
977.906 360.17 1136.65 446.69 957.121 350.784 1103.72 432.503
223.018 766.954 336.047 811.881 245.079 697.803 342.159 736.601
146.696 750.754 329.795 824.509 159.064 665.843 339.744 739.628
102.245 792.152 129.084 749.052 117.317 723.529 151.67 673.772
103.918 822.213 112.768 825.605 135.15 736.625 185.652 756.867
85.2345 826.401 136.779 846.564 89.6038 718.795 110.815 729.37
112.027 739.941 131.198 748.56 0.975759 591.051 148.266 661.443
102.446 820.806 105.268 812.744 118.759 726.835 154.279 675.192
18.8547 524.865 32.7931 509.809 47.4365 471.483 64.6689 452.696
20.3356 528.315 31.9449 515.948 49.2568 473.271 62.0999 461.105
592.319 460.573 601.604 445.752 590.57 422.514 610.44 400.494
638.699 403.745 676.358 359.303 625.644 383.599 671.396 334.368
658.798 361.886 663.631 353.357 656.911 335.956 660.711 328.356
88.9708 440.047 202.267 509.562 115.465 389.246 228.875 459.202
327.533 846.295 349.232 807.129 341.088 756.045 353.645 731.328
171.772 744.614 340.022 806.939 187.704 672.784 340.802 730.526
149.094 747.768 331.308 821.236 162.243 661.394 182.757 669.606
604.578 540.715 616.37 523.25 606.609 487.347 616.623 469.785
571.026 530.95 602.674 547.62 567.285 482.433 601.657 499.684
514.191 596.16 569.251 530.373 513.693 541.643 566.624 484.579
397.005 450.99 555.558 535.827 411.158 410.704 554.744 487.478
388.768 442.434 557.304 532.43 400.906 401.175 557.19 484.644
401.936 442.119 561.71 527.542 410.092 399.827 560.886 480.214
396.9 435.186 563.428 524.199 406.962 394.072 562.095 476.821
402.945 431.103 585.041 528.924 411.046 389.914 583.746 482.474
532.257 331.201 585.625 528.102 539.098 310.974 583.808 481.05
744.991 614.021 760.216 620.492 706.007 555.988 724.073 565.866
713.777 612.97 715.134 603.018 701.664 567.912 704.556 556.884
714.975 614.042 734.589 625.693 703.106 568.78 723.657 578.71
742.528 616.853 765.878 628.432 726.974 576.043 742.442 585.258
806.109 652.806 883.725 696.488 784.961 601.068 860.654 644.601
885.512 695.403 933.89 633.913 862.692 644.607 978.638 512.56
987.936 532.133 1005.24 540.507 959.825 500.317 978.278 510.496
1000.48 523.375 1055.33 453.261 977.933 493.942 1031.53 432.459
617.98 524.036 705.948 573.093 614.091 476.838 696.387 523.315
763.758 642.635 876.606 706.693 785.603 615.694 855.576 655.741
890.949 693.96 936.837 635.871 858.803 654.594 902.84 603.864
0.852216 691.316 98.9052 737.203 1.19735 597.59 124.098 656.797
337.501 415.814 368.215 434.649 351.725 375.432 380.266 393.582
197.51 315.161 284.115 367.81 222.312 281.495 302.146 330.763
195.528 317.773 282.896 371.169 219.705 283.473 300.909 334.145
191.382 323.369 276.908 375.151 214.374 287.391 298.802 339.322
188.678 325.527 329.67 411.54 212.848 290.246 344.633 371.594
118.742 793.864 141 750 136.524 715.32 159.682 676.765
142.8 767.496 321.252 839.374 161.783 683.534 331.274 752.325
147.312 773.224 319.727 842.677 163.123 687.697 329.823 755.436
138.127 780.685 302.673 846.813 161.806 693.479 316.866 756.33
142.276 376.546 276.082 457.864 169.449 335.27 295.984 413.027
141.862 380.227 278.703 463.488 167.904 338.156 293.728 415.442
148.639 372.594 285.249 455.591 173.493 330.824 300.157 408.745
150.288 369.527 328.045 477.927 175.506 328.18 341.611 430.63
154.765 364.387 329.38 470.375 180.714 324.465 343.364 424.407
156.339 361.442 338.136 471.776 182.253 321.589 352.024 425.961
1.20922 725.559 86.914 766.181 1.17525 628.634 109.69 680.647
81.2801 447.543 196.796 518.333 109.429 396.309 218.128 463.794
821.663 419.704 829.611 410.658 808.536 390.638 822.161 379.192
734.709 374.54 820.774 419.752 728.765 347.424 806.671 390.593
224.399 284.342 346.715 358.47 246.965 254.058 361.797 324.332
222.76 287.396 400.87 395.216 245.905 257.155 411.176 358.714
216.271 291.55 396.049 399.919 241.346 261.434 408.822 362.465
215.844 295.259 394.831 403.28 239.042 263.931 405.979 366.035
210.27 299.552 390.707 408.486 233.506 267.174 401.866 370.219
208.727 302.452 388.429 411.291 231.517 269.789 400.009 372.986
203.496 307.178 383.935 416.108 227.468 274.234 394.699 376.493
202.342 310.435 381.261 418.568 226.725 277.449 393.239 379.611
290.82 376.302 374.436 426.27 308.506 338.815 386.079 385.871
335.845 411.266 370.703 431.511 353.42 373.27 382.883 390.204
95.0641 431.895 234.827 517.283 122.285 382.539 249.826 461.281
93.5642 434.708 230.847 519.248 121.576 385.681 255.49 468.403
997.674 567.705 1012.4 551.452 971.457 534.402 984.559 522.514
425.781 51.3851 459.642 70.6299 442.561 51.7568 474.005 69.9915
867.434 741.606 875.747 735.648 826.774 694.433 859.194 681.485
888.353 721.283 979.107 608.085 859.489 676.54 950.919 574.927
171.262 346.57 352.216 456.644 194.392 307.364 363.599 410.748
167.783 348.357 348.677 458.53 195.152 311.754 362.518 414.783
177.351 338.422 359.082 448.866 202.343 301.443 370.119 404.806
175.436 341.283 355.238 450.608 199.628 303.603 367.085 406.863
1.01812 736.961 74.7976 769.934 0.944207 632.116 106.599 682.835
1026.95 421.066 1046.37 434.461 998.947 402.085 1020.33 415.481
988.247 514.194 1038.3 450.454 954.312 491.396 1019.35 417.305
90.5503 760.731 104.192 736.056 105.738 691.518 118.021 674.015
161.546 356.748 333.09 460.851 186.68 317.52 355.742 421.419
164.328 354.459 343.042 462.93 189.423 315.311 356.864 418.222
147.347 762.143 324.673 833.81 163.645 677.874 335.706 747.724
145.76 757.597 326.283 830.298 159.237 672.418 336.257 744.368
388.138 457.742 548.679 543.601 398.01 413.981 548.727 494.511
383.903 451.181 550.342 540.362 396.041 408.923 550.301 491.437
1.13445 706.713 93.1173 749.749 1.15741 611.672 113.234 665.514
0.91218 714.188 89.6959 755.651 0.901601 618.206 111.88 671.252
615.277 321.703 634.364 337.387 560.067 266.886 633.777 308.473
527.45 275.198 553.201 289.642 531.257 260.51 555.878 272.432
438.602 377.75 556.742 440.492 448.703 344.556 558.01 402.981
443.47 373.119 557.11 433.794 450.127 340.523 558.173 396.677
368.242 116.519 495.373 190.365 388.194 108.637 506.319 178.464
366.59 118.699 493.817 193.312 386.85 111.252 503.595 180.682
434.321 41.4187 455.064 52.885 452.298 43.4688 469.067 52.8807
42.5552 357.467 63.2061 340.247 103.355 333.513 124.79 318.695
181.52 332.787 360.136 441.777 206.144 296.767 375.8 401.324
184.254 330.582 319.894 413.174 208.394 294.36 341.732 376.435
533.71 329.757 562.41 295.505 533.236 310.215 563.31 277.283
411.409 424.236 579.408 514.238 424.189 386.646 577.268 468.499
524.701 349.612 535.139 354.717 529.775 320.359 540.102 326.837
516.801 351.366 534.89 361.203 522.685 322.593 539.67 331.62
419.701 401.559 567.626 480.699 429.547 364.848 566.942 438.11
423.345 396.357 567.267 473.502 432.449 360.162 567.31 432.421
401.322 89.4545 479.291 135.507 413.931 82.1162 489.207 126.65
394.969 97.0517 483.391 149.339 411.646 84.5955 492.561 132.737
370.953 468.099 391.193 477.588 383.088 422.83 394.994 429.012
358.164 472.66 373.08 479.833 374.755 425.474 401.196 433.227
356.626 474.435 380.576 487.856 367.65 425.737 395.917 439.175
371.07 466.279 386.026 467.73 383.967 421.271 396.033 422.729
381.898 112.173 491.21 176.645 392.813 104.313 500.56 168.735
373.714 111.488 489.682 179.542 401.306 105.487 502.165 165.723
382.351 101.398 487.999 163.001 401.294 95.5009 499.712 153.488
408.286 71.4899 472.376 108.354 425.205 68.6458 486.1 103.828
429.375 369.399 440.179 358.172 453.631 323.571 469.71 305.744
413.194 400.162 462.742 340.785 413.341 374.343 472.531 311.499
376.275 435.185 383.399 424.596 383.601 397.675 411.698 372.661
401.285 78.5048 474.264 120.541 419.428 75.2676 490.512 116.835
399.804 81.3368 474.526 124.814 418.63 78.6297 488.553 119.76
428.393 388.424 564.286 460.464 445.315 357.404 564.361 420.317
424.567 392.806 563.878 467.23 436.708 358.548 564.578 426.79
343.25 146.578 511.06 245.898 362.478 134.203 485.148 207.753
337.351 154.41 481.142 239.761 359.749 136.419 518.568 231.721
432.568 385.806 559.706 453.561 442.696 351.572 561.063 413.826
434.385 380.272 560.099 446.814 455.973 353.051 562.424 409.196
348.679 478.606 377.935 494.123 361.581 431.76 387.094 445.83
34.4529 368.977 35.3129 385.984 88.7619 356.102 91.0588 338.875
8.67868 403.644 27.5994 386.556 68.601 370.446 87.0916 357.127
11.2564 405.322 34.096 387.12 70.3066 373.433 93.1651 357.233
415.025 63.9555 469.269 94.5235 433.055 62.9031 482.077 90.8648
417.273 404.49 571.434 487.192 426.404 367.245 570.391 444.27
415.189 410.646 571.054 493.899 425.864 373.255 571.956 450.134
420.957 56.0769 465.849 81.269 436.653 58.6163 482.71 84.5153
451.086 361.837 550.797 414.402 460.679 330.604 551.931 379.129
470.176 364.67 549.136 406.745 463.427 327.162 550.312 371.388
448.852 367.507 465.206 372.296 456.714 338.537 554.649 390.659
466.057 373.894 553.283 420.469 458.383 334.261 555.282 384.455
458.721 354.527 545.718 400.533 468.724 324.519 549.096 366.766
256.9 536.237 289.909 550.214 274.002 479.995 305.236 494.49
404.762 416.386 575.559 507.826 415.019 377.963 574.159 462.702
408.348 411.348 575.303 500.432 420.266 374.5 574.307 456.423
464.737 346.497 542.635 387.695 473.835 317.312 545.054 354.897
481.074 347.863 542.182 380.661 489.009 318.983 546.186 349.654
112.251 811.366 201.686 846.792 141.854 725.356 211.106 753.742
128.035 783.912 287.99 846.155 151.806 699.481 292.82 756.446
121.282 792.296 248.857 843.357 145.956 707.108 267.837 756.402
716.086 601.839 733.816 611.344 724.983 567.029 754.807 584.333
706.706 484.751 728.734 458.774 701.574 443.588 720.741 423.75
127.25 798.38 247.636 846.903 144.339 710.158 259.739 756.647
857.848 444.876 902.388 390.317 850.284 407.252 886.47 366.416
1003.05 774.899 1047.06 798.895 970.893 734.193 1009.64 755.658
1003.61 767.566 1013.07 759.078 970.487 732.366 983.611 721.755
961.074 729.798 1013.39 757.273 931.92 695.15 981.64 721.675
960.14 729.027 965.558 701.108 931.937 693.986 940.207 655.828
943.08 747.018 950.285 714.84 917.781 701.961 922.05 677.832
668.907 403.142 698.581 422.638 677.551 379.807 703.434 394.222
718.785 430.866 735.818 403.509 698.222 412.195 724.417 382.366
688.621 371.609 734.809 400.308 683.536 343.776 727.097 369.838
622.009 428.009 641.272 408.265 621.535 393.514 638.386 377.404
934.743 632.797 1004.49 544.387 903.467 603.528 981.4 515.469
715.676 525.716 741.378 496.33 705.712 484.72 727.902 461.905
720.548 531.763 737.449 519.626 722.125 481.115 769.431 429.395
794.068 449.052 808.837 429.875 779.107 418.114 797.394 398.394
691.315 363.42 807.303 426.443 687.45 336.182 796.479 396.129
699.958 540.06 707.676 545.462 690.822 496.356 698.822 500.356
964.174 727.063 1000.36 655.663 935.357 695.842 969.839 627.915
669.404 456.347 689.579 430.299 662.375 419.528 684.78 396.8
641.76 402.431 689.098 428.824 640.244 369.575 684.125 394.783
693.625 498.638 704.938 486.94 696.209 446.552 714 426
983.231 349.032 985.462 333.064 963.4 338.025 964.286 324.018
573.423 385.532 590.525 364.425 573.623 356.659 592.664 335.6
574.829 392.895 585.373 375.617 576.537 360.395 585.78 347.838
1014.54 530.427 1074.26 454.417 990.321 501.283 1049.76 433.791
231.592 553.509 262.465 517.541 250.594 492.589 284.957 457.958
483.281 320.417 525.618 270.617 496.846 287.864 516.558 265.609
665.24 521.55 674.323 526.394 653.093 474.671 661.023 476.918
603.288 367.343 626.811 341.826 608.775 334.763 626.219 318.232
225.256 550.219 277.746 488.783 240.497 488.523 300.841 424.849
221.823 548.849 283.541 476.608 243.356 490.337 299.713 430.729
866.479 440.388 906.302 391.245 848.919 413.927 889.665 368.598
486.732 320.775 526.05 274.042 496 292 520.498 268.334
992.423 518.338 1055.41 439.531 964.156 486.137 1020.7 421.733
584.531 423.475 605.748 399.775 574.228 400.222 605.79 367.795
573.109 435.22 576.311 448.17 574.604 401.131 578.564 413.144
579.377 457.893 597.346 520.901 579.476 418.868 599.428 491.158
242.152 552.661 282.176 570.608 259.263 494.403 294.955 510.103
274.739 212.059 278.652 163.052 297.554 186.955 300.764 154.976
588.727 436.638 614.866 406.882 588.439 400.43 613.175 375.171
887.026 708.021 905.312 685.251 870.047 649.054 881.313 639.364
248.871 552.292 281.665 566.759 264.641 493.789 296.798 506.934
729.772 607.827 746.704 585.535 721.425 560.503 733.543 546.469
796.109 489.056 809.519 462.755 785.742 449.856 797.514 428.729
631.403 530.514 696.491 450.586 630.549 474.592 699.471 398.521
598.125 443.114 617.232 422.212 591.1 413.1 615.085 389.085
894.124 723.101 910.652 702.718 869.773 671.755 886.917 653.914
1082.24 685.176 1090.7 673.505 1050.24 657.129 1054.67 648.825
629.32 360.994 629.513 372.009 625.297 353.943 627.629 366.071
604.902 378.323 625.155 384.49 605.858 348.592 624.011 352.955
1142.68 607.468 1158.75 618.367 1113.68 588.539 1133.36 600.407
45.276 515.383 196.073 582.836 66.9574 454.093 214.644 521.778
433 370 441.5 361.5 437.969 343.973 451.589 328.519
1030.8 697.34 1041.98 704.028 998.799 668.334 1008.8 674.334
1030.67 695.943 1035.65 667.113 998.601 666.905 1005.52 637.885
26.9042 540.21 220.744 628.561 67.0925 480.761 102.238 494.385
598.237 479.173 633.173 438.148 596.331 437.326 630.939 402.938
1058.64 713.644 1081 725.998 1024.92 683.128 1070.9 710.166
1058.23 712.039 1063.07 684.013 1024.86 681.963 1027.68 670.917
1115.15 617.737 1128.01 615.053 1083.14 600.429 1091.89 597.657
302.818 136.841 413.347 10.4293 385.33 35.4997 436.713 1.56502
1007.09 453.957 1013.02 466.989 981.795 429.655 990.945 448.043
983.822 456.263 995.844 453.356 957.034 428.268 967 427
547.042 340.281 560.689 386.798 545.437 297.716 558.317 338.182
609.191 499.171 653.99 448.991 601.575 462.585 648.976 413.977
1166.16 156.025 1169.67 132.95 1125.73 205.96 1127.52 193.928
1146.72 150.716 1164.73 157.687 1112.72 199.547 1134.64 210.709
977.45 759.259 1004.72 778.341 934.613 717.68 997.368 753.352
946.104 741.831 959.836 750.266 936.103 713.818 967.624 731.664
524.01 327.008 549.767 295.808 529.011 301.01 549.32 280.592
359.95 18.0679 383.695 35.4174 373.178 0.739728 388.732 11.3918
588.271 445.532 620.013 409.012 586.472 410.557 604.248 389.369
658.38 399.499 678.584 374.472 658.498 368.542 682.357 342.413
707.744 574.603 763.684 505.555 700.331 522.296 750.834 465.852
388.738 485.861 406.883 491.385 398.791 438.93 416.043 442.811
919.119 778.067 932.306 754.61 853.873 755.89 918.334 681.424
1088.43 698.199 1117.99 714.022 1022.86 647.234 1082.98 683.032
781.728 818.959 785.598 793.089 763.364 756.064 766 741
786.449 791.209 825.381 813.33 767.179 741.65 795.073 755.858
744.846 405.241 769.876 421.195 733.318 377.376 761.993 392.014
571.386 540.237 602.106 555.791 563.807 489.352 599.92 509.147
693.083 675.781 868.985 773.027 683.904 626.169 838.665 713.592
839.317 697.467 882.756 721.423 722.956 593.089 859.869 670.232
1021.67 753.217 1027.2 761.534 988.903 716.06 993.855 724.089
1044.21 34.6714 1078.72 56.4478 1031.66 95.6185 1040.68 100.58
1049.73 30 1051 10 1024.77 99.9603 1028.84 75.9736
277.86 501.312 285.53 480.193 284.501 451.561 301.412 432.363
409.706 628.77 437.041 638.776 418.71 566.772 445.996 577.01
376.927 614.167 403.155 625.647 373.267 546.388 414.788 564.486
68.133 463.783 200.205 544.665 96.3714 410.4 225.441 490.287
65.7975 466.33 203.209 550.659 94.0711 412.885 222.408 492.341
60.5131 472.607 193.97 553.049 88.9897 417.017 219.573 497.692
59.9006 475.162 191.969 556.051 87.1677 419.73 218.498 501.197
54.0122 479.98 194.692 565.507 83.1429 424.767 214.725 505.448
52.9211 483.129 193.128 568.791 80.9397 427.098 212.478 508.225
452.071 11.8708 991.123 309.777 468.905 17.1696 971.145 297.741
345.514 583.575 355.202 591.761 355.654 524.31 369.409 539.633
446.868 196.221 476.913 214.145 460.657 182.572 488.748 199.42
510.745 235.716 517.636 253.757 522.478 226.911 524.711 238.867
481.079 216.86 507.921 232.14 492.52 201.816 514.986 215.024
352.093 361.843 404.147 392.752 365.62 326.624 415.126 356.793
480.744 251.446 508.72 267.488 492.001 232.998 519.346 249.424
486.636 247.63 513.807 263.334 495.415 226.525 533.574 251.717
452.831 192.284 478.638 207.61 467.066 179.89 489.713 193.478
454.122 188.802 480.112 204.818 467.835 176.274 492.819 191.302
458.804 184.326 497.6 207.665 474.911 174.145 506.671 193.539
460.392 181.343 498.104 203.825 473.415 169.321 508.239 190.609
467.884 27.2105 982.209 311.622 483.456 31.1831 963.404 299.277
625.973 502.979 635.746 490.796 618.431 468.7 624.274 457.617
563.377 209.093 566.798 195.196 570.79 195.09 572.508 180.058
539.969 223.967 560.619 204.54 546.746 209.673 564.121 196.155
543.406 227.442 562.192 210.209 553.981 209.977 570.136 196.159
443.611 762.356 449.475 752.277 447.175 696.064 454.76 675.278
358.157 489.373 384.061 501.888 370.855 441.276 389.094 450.821
686.344 656.402 716.98 674.034 674.892 607.195 727.742 636.465
123.776 804.56 220.816 843.46 142.171 715.575 243.782 756.541
117.327 817.181 191.642 846.895 197.293 752.127 209.879 756.359
86.6365 442.591 198.688 511.507 113.529 391.758 219.575 457.684
202.705 521.451 218.96 532.061 223.848 467.251 236.899 475.167
548.294 246.53 566.397 218.646 562.151 219.134 579.531 199.583
108.713 268.643 129.152 252.189 131.496 246.339 156.463 227.296
134.565 234.977 135.184 249.992 164.797 212.242 170.953 191.986
768.347 615.688 775.911 624.08 752.462 568.604 762.638 580.452
758.381 609.468 767.168 615.765 742.302 563.482 751.193 568.668
748.001 610.028 756.979 609.579 729.13 561.391 741.016 563.926
1004.41 410.227 1018.59 417.772 982.805 394.407 998.129 401.731
700.928 623.991 707.193 576.025 691.334 569.052 697.976 525.996
334.949 422.084 364.148 439.756 348.591 380.681 377.115 397.808
286.877 381.198 333.098 409.842 304.543 342.73 347.317 369.493
73.5252 458.773 210.159 542.742 100.572 405.689 228.043 484.931
79.8334 450.27 216.975 535.041 107.496 398.808 233.403 477.354
80.826 459.283 212.5 540.186 107.044 405.929 229.963 482.059
395.329 49.2717 410.425 35.3751 408.355 42.4262 432.332 20.2872
292.509 373.148 376.729 423.454 309.35 335.422 389.489 383.846
981.196 596.152 993.465 580.361 965.562 545.741 971.495 535.701
377.103 458.815 418.926 481.2 387.917 415.159 431.111 435.642
920.664 700.41 926.338 691.208 889.319 655.58 897.15 651.273
398.643 424.667 578.963 521.069 418.919 390.151 577.54 474.861
387.024 468.944 396.061 472.86 397.089 423.822 405.089 427.822
380.762 104.408 488.711 167.494 399.804 98.3295 499.639 157.608
492.216 211.666 503.164 218.747 500.215 197.438 510.271 201.293
489.393 215.191 502.686 221.647 499.468 200.139 511.599 206.738
90.0295 823.925 111.823 832.452 138.653 743.805 167.838 756.375
464.231 350.562 545.333 393.37 470.299 319.437 549.312 361.412
124.255 808.374 206.095 841.768 144.051 719.874 235.639 756.894
75.9624 841.118 92.8383 846.506 101.144 748.627 123.942 756.354
124.279 786.303 274.758 846.605 161.037 706.908 284.717 756.702
235.633 553.682 268.593 515.647 252.716 495.694 285.681 461.69
937.752 448.206 946.34 458.548 916.586 425.134 921.154 439.273
948.811 540.716 960.112 533.168 938.793 488.707 951.026 480.037
674.665 384.726 686.81 369.845 664.694 366.712 684.101 346.095
707.302 530.482 716.193 535.668 694.084 484.642 702.113 486.515
7.22307 153.209 33.3173 125.36 111.509 172.54 123.606 159.631
680.026 540.931 696.013 546.966 670.249 494.23 692.217 501.327
585.295 430.46 607.687 402.766 594.254 389.22 601.711 380.616
746.06 584.03 770.881 534.441 732.833 544.908 757.74 499.405
769.543 532.885 773.08 518.769 756.704 497.916 760.933 482.981
775.516 518.393 796.706 490.537 762.151 483.115 786.359 451.273
906.297 721.263 924.643 700.57 885.487 669.37 896.753 654.573
775.886 635.202 805.143 651.747 760.753 596.391 782.531 610.16
325.359 500.381 456.335 576.424 339.339 449.419 460.116 519.801
286.009 480.984 323.907 501.329 303.234 432.557 337.627 450.708
350.702 807.425 396.483 731.688 354.759 734.516 404.539 661.366
452.657 845.963 461.555 763.06 453.817 755.976 460.948 701.993
608.922 506.933 657.731 450.766 604.422 466.396 652.87 415.888
746.304 690.457 796.298 718.468 730.24 638.565 778.434 665.216
957.084 413.267 970.029 414.746 941.255 394.428 954.33 400.261
748.125 845.872 762.296 749.043 735.689 755.951 744.454 700.913
353.522 526.853 445.697 578.54 316.685 447.556 453.81 523.532
290.343 490.397 342.097 519.829 305.64 439.618 316.149 445.745
640.469 523.564 681.488 473.58 631.321 484.384 680.385 430.35
404.25 846.159 417.525 825.335 401.762 755.843 440.704 696.805
879.015 592.783 890.031 593.553 847.005 556.074 871.089 555.621
841.361 556.816 846.639 567.184 825.479 521.808 829.134 530.946
