234 492 109 416 252 440 136 369
106 418 228 493 133 371 247 441
226 499 103 424 245 447 129 376
100 426 233 508 127 378 254 457
113 411 246 492 140 364 264 441
253 492 116 408 268 440 142 362
120 403 258 487 147 358 271 434
253 479 123 400 276 433 149 355
656 343 676 356 635 308 665 327
1054 608 1058 582 1024 586 1028 561
1043 597 1038 621 1011 583 1005 607
1038 623 1028 640 1003 608 997 615
265 536 293 548 281 480 301 488
286 533 270 528 300 479 288 474
270 514 289 522 285 460 305 470
461 573 288 474 475 522 303 423
488 574 473 564 485 526 477 522
461 619 482 585 463 562 485 528
437 638 409 628 445 577 418 566
403 625 377 614 414 564 373 546
453 658 295 590 368 554 225 492
200 544 68 464 225 490 97 410
65 466 203 550 94 412 221 491
193 553 61 473 219 497 89 417
59 475 191 555 87 419 218 500
52 483 192 568 214 505 83 424
452 11 990 309 468 17 970 297
991 311 856 483 971 299 840 450
853 485 814 463 837 451 800 430
813 461 826 444 800 427 811 414
828 444 862 463 814 413 846 431
869 455 857 446 853 425 842 417
862 419 839 407 846 390 823 378
859 377 836 403 853 344 823 376
894 380 868 366 878 356 856 344
866 373 890 385 853 350 874 363
301 582 338 597 313 520 370 544
300 563 299 579 312 508 313 518
355 563 433 609 364 507 457 560
348 576 353 564 359 519 362 509
355 591 346 584 369 539 356 524
476 214 447 196 488 199 461 182
446 184 356 131 459 171 377 122
353 133 442 187 373 123 456 174
442 194 350 139 455 179 369 128
347 141 474 216 367 130 514 219
481 239 337 154 522 240 358 141
333 156 476 241 354 143 488 224
327 164 505 270 347 149 513 250
320 171 498 277 342 157 506 256
495 283 317 177 503 261 338 161
196 518 81 447 322 176 487 276
239 555 279 573 472 295 305 193
283 563 257 552 303 196 468 297
544 33 524 18 289 209 455 310
412 384 353 351 421 350 253 247
459 44 511 232 474 46 518 213
439 37 452 43 456 40 467 45
507 232 481 217 514 215 492 201
404 392 352 362 415 356 366 327
356 356 407 387 371 323 417 351
508 267 480 251 519 249 492 233
467 322 511 268 476 295 517 251
497 294 471 322 493 284 479 297
526 274 486 320 503 287 493 295
510 323 496 314 529 301 505 288
516 349 531 333 523 320 532 311
539 374 472 339 542 343 480 310
474 332 538 367 518 323 536 334
486 247 513 263 495 226 532 251
553 289 527 275 548 261 534 254
454 178 363 124 465 165 383 115
360 126 450 179 380 117 461 166
452 192 478 207 467 179 489 193
480 204 454 189 492 191 467 176
458 184 497 207 474 174 506 193
498 203 461 181 508 190 474 169
388 845 445 750 401 755 440 697
442 760 393 844 443 698 405 755
725 498 704 484 714 457 699 448
694 501 712 511 686 461 704 471
751 469 727 500 729 448 707 471
764 476 757 484 753 439 740 452
729 454 750 466 721 419 740 432
724 444 721 459 716 405 713 424
643 523 712 440 639 478 700 413
724 495 748 467 715 457 738 432
595 388 611 406 600 364 608 369
622 404 642 384 629 368 640 356
611 367 595 386 608 339 595 357
597 377 587 391 596 351 588 360
596 351 609 337 601 322 610 311
603 326 578 318 606 300 581 295
574 322 564 337 579 295 568 310
282 568 294 550 297 506 306 494
296 551 286 571 309 499 299 513
465 29 980 315 480 33 961 302
982 311 468 27 963 299 484 31
635 490 626 502 624 457 618 468
667 457 641 492 661 420 648 434
620 429 665 454 621 396 661 419
593 464 622 432 591 427 619 397
602 463 596 470 609 412 594 430
563 209 566 195 570 195 572 180
560 204 540 223 564 196 546 209
543 227 561 210 553 209 569 196
486 624 462 666 486 570 464 604
498 589 486 622 500 534 486 569
517 580 399 516 518 526 409 468
404 512 521 575 418 466 522 522
530 564 425 508 530 511 433 460
442 509 535 559 446 460 536 508
537 556 427 497 537 505 435 450
425 497 417 507 432 451 425 459
410 510 425 491 418 462 435 441
544 548 426 485 544 498 437 441
429 491 541 551 434 444 541 501
384 503 392 511 390 450 408 465
358 489 383 501 370 441 388 450
338 480 369 448 351 433 378 406
358 467 340 483 385 405 360 431
524 572 415 514 524 518 424 465
435 518 528 567 431 463 527 514
420 533 514 583 474 506 511 527
502 275 323 169 673 322 532 240
524 256 462 33 531 239 477 36
461 32 446 26 476 35 464 30
686 656 716 673 674 607 727 636
884 772 683 660 861 716 674 610
1147 442 996 636 1114 431 865 714
978 347 1146 439 957 339 1113 426
951 377 976 347 933 363 955 340
978 356 965 372 957 347 937 368
1137 442 980 356 1106 428 959 347
977 360 1135 446 957 350 1102 432
336 811 223 767 342 736 245 698
141 737 334 815 159 665 339 739
136 748 101 804 117 723 151 674
111 832 90 824 133 751 108 741
248 843 121 792 243 756 142 715
117 817 191 846 135 736 185 756
0 752 71 785 0 663 92 707
112 739 131 748 126 665 149 674
126 738 114 733 145 665 131 660
0 672 129 732 0 591 148 661
99 801 131 750 154 675 119 726
601 445 592 460 610 400 591 422
638 402 628 415 671 334 625 383
663 353 659 361 660 328 657 335
218 532 203 521 236 475 224 467
171 744 339 806 187 672 340 730
616 523 604 540 616 469 606 487
602 547 571 531 601 499 567 482
569 530 514 595 566 484 514 541
61 799 16 778 79 717 41 699
20 772 64 793 43 694 85 714
67 791 1 760 88 711 1 669
112 270 134 252 157 279 158 263
129 252 108 268 154 277 132 293
115 239 130 239 142 268 151 266
131 226 120 225 159 255 140 256
154 210 132 226 177 241 160 253
138 198 154 208 166 233 176 239
397 450 554 535 411 410 554 487
557 532 388 442 557 484 401 401
401 442 561 527 410 399 560 479
563 524 397 435 562 476 407 394
402 431 584 528 411 389 582 482
585 528 532 331 583 481 539 311
775 635 804 651 760 586 782 599
768 615 775 623 752 568 762 579
748 610 755 609 742 563 750 568
716 601 733 611 706 555 723 565
713 612 715 603 701 567 704 557
755 631 740 624 742 585 726 576
806 652 883 696 784 601 860 644
885 695 933 634 862 644 978 513
1005 540 988 532 978 510 959 500
1000 523 1055 453 977 493 1031 432
998 405 983 398 974 389 954 377
700 623 707 576 691 569 697 526
705 573 618 524 696 523 614 477
876 706 764 643 855 655 786 616
936 635 890 693 902 603 858 654
337 415 368 434 351 375 379 393
364 439 335 422 377 397 348 380
333 409 287 381 347 369 304 342
141 750 118 793 159 676 137 714
326 830 146 757 331 752 162 683
147 762 324 833 163 687 328 755
321 839 143 767 316 756 162 693
285 480 278 500 167 338 293 415
328 477 150 369 341 430 175 328
154 364 329 470 180 324 342 423
338 471 156 361 352 425 182 321
65 835 1 806 85 751 1 711
60 845 1 817 74 756 1 722
0 810 62 838 0 715 77 751
1 660 95 705 1 581 116 636
93 711 1 668 114 641 1 587
89 755 1 714 109 680 1 628
73 458 209 542 100 405 227 484
79 450 216 534 107 398 233 477
212 540 81 459 229 482 107 406
836 404 830 411 822 379 809 390
413 14 305 138 434 22 326 132
376 423 292 373 389 383 309 335
290 376 374 426 308 338 385 385
370 431 336 411 382 390 354 373
234 517 95 432 249 461 123 383
93 434 230 519 121 385 255 468
1024 558 986 609 994 531 961 571
991 614 1000 603 953 590 971 571
957 660 965 646 919 632 931 617
983 604 1021 554 957 568 1001 516
997 567 1011 552 971 534 984 522
936 653 980 596 908 613 966 548
980 615 960 640 951 580 940 592
459 66 428 49 474 65 445 49
425 51 458 70 442 51 473 69
32 208 35 142 61 236 67 159
105 59 169 97 134 104 194 140
170 109 148 128 191 153 173 167
150 131 172 113 175 170 198 154
850 749 863 740 826 694 858 681
888 721 979 608 859 676 950 575
312 145 395 51 324 150 407 64
0 729 76 764 0 642 97 688
74 769 1 737 94 693 1 649
0 718 87 758 0 632 106 682
1046 434 1027 421 1020 415 999 402
978 521 1044 436 954 491 1018 417
100 802 77 791 118 720 97 711
86 766 1 725 99 686 1 639
90 760 104 736 105 691 117 674
146 750 329 824 163 677 335 747
331 821 149 747 336 744 159 672
15 203 1 214 45 231 20 250
0 821 55 846 1 725 66 756
418 481 377 459 431 435 388 415
388 457 548 543 398 413 547 494
550 540 384 451 550 491 396 409
0 798 68 829 1 704 88 746
71 827 1 794 91 744 1 701
0 695 94 738 1 611 112 665
98 747 1 703 111 671 0 618
15 782 58 802 36 700 81 722
57 809 8 786 80 728 31 704
131 231 176 195 157 260 203 224
527 270 613 321 560 266 633 308
530 284 548 295 531 260 555 272
1168 622 1160 618 1133 604 1107 591
1143 596 1156 578 1107 579 1123 559
386 96 482 152 405 92 494 144
483 149 395 97 495 140 412 91
556 440 439 378 558 402 449 345
443 373 556 433 450 340 557 396
495 190 368 116 506 178 388 108
366 118 493 193 386 111 502 180
455 52 434 41 469 52 452 43
432 44 454 56 449 45 469 57
923 687 912 701 896 642 887 653
1 740 72 774 1 652 93 697
72 781 1 748 93 703 1 659
79 314 101 296 103 333 124 318
97 295 77 311 121 316 101 332
1 706 92 749 1 621 111 675
85 826 136 846 107 744 129 753
0 786 71 819 0 694 93 738
533 329 561 296 533 310 562 277
194 216 1 474 214 247 208 255
3 466 130 295 161 308 1 505
411 424 578 513 424 386 576 468
578 521 399 424 577 474 419 390
524 349 534 354 529 320 539 326
534 361 517 351 539 331 522 322
567 480 420 401 566 438 430 365
423 396 567 473 432 360 566 431
479 135 401 89 489 126 414 82
393 88 478 139 411 84 492 132
391 477 371 468 394 429 383 423
373 473 388 479 374 425 400 433
373 479 358 472 395 439 367 425
371 466 385 467 383 421 395 422
387 468 395 472 397 423 404 427
373 111 489 179 392 104 500 168
491 176 382 112 502 165 401 105
487 163 382 101 499 153 401 95
380 104 488 167 399 98 499 157
472 108 409 71 486 103 425 68
406 74 470 111 424 72 485 107
462 340 413 399 472 311 413 374
474 120 401 78 490 116 419 75
399 81 474 124 418 78 488 119
428 388 563 460 445 357 563 420
563 467 425 393 564 426 437 358
1069 550 1117 487 1053 505 1082 473
1058 576 1070 552 1029 552 1045 522
2 457 187 211 119 351 182 274
155 243 1 449 171 278 1 483
511 245 344 147 485 207 362 134
340 149 512 250 359 136 518 231
559 453 432 385 561 413 443 351
434 380 559 446 455 353 562 409
503 218 492 211 510 201 500 197
489 215 501 221 499 200 510 206
2 150 70 78 36 165 102 102
96 69 5 164 118 104 39 177
377 494 348 478 387 445 361 431
65 321 64 338 91 338 88 355
63 340 43 356 87 357 69 369
45 359 68 341 70 373 93 357
412 66 467 97 431 65 476 91
469 94 415 64 482 90 433 63
417 404 570 486 426 367 570 444
571 493 415 410 571 450 425 373
419 59 468 84 436 58 481 84
465 81 421 56 479 79 438 56
550 414 451 362 551 379 460 330
470 364 548 406 463 327 549 371
553 427 444 370 554 390 457 338
466 373 552 420 458 334 555 384
31 367 30 384 57 378 56 394
172 846 125 827 167 756 139 744
545 400 459 354 549 366 469 324
464 350 544 393 470 319 548 361
289 550 257 536 305 494 274 480
575 507 405 416 574 462 415 378
408 411 575 500 420 374 573 456
542 387 464 346 545 354 474 317
481 347 541 380 489 318 545 349
220 843 124 804 211 753 142 725
127 798 246 846 144 719 234 756
119 846 84 832 123 756 101 748
80 834 109 846 99 750 112 756
201 846 112 811 187 753 137 733
124 808 205 841 140 728 196 751
147 773 318 842 160 696 308 756
311 846 135 775 292 756 151 699
1013 606 1105 486 985 570 1045 503
287 846 128 784 267 756 146 707
138 780 302 846 161 706 284 756
742 616 765 628 724 567 754 584
919 779 877 833 905 715 894 732
1115 759 1147 722 1045 755 1136 662
741 487 756 471 701 445 715 453
728 458 706 484 720 423 701 443
123 830 164 845 140 748 160 756
124 786 274 846 144 710 259 756
857 444 902 390 850 407 886 366
389 512 356 495 398 462 361 443
1003 774 1046 798 970 734 1009 755
1013 759 1004 767 983 721 971 731
961 729 1013 757 931 695 981 721
960 729 965 701 931 693 940 655
969 690 1039 599 941 654 1019 564
950 714 943 746 922 677 917 701
963 699 952 713 936 663 924 676
235 553 268 515 252 495 285 461
356 474 380 487 368 432 390 440
969 508 961 514 951 480 939 488
960 533 949 540 938 503 924 512
577 398 586 387 577 366 587 356
678 374 658 399 684 346 664 366
668 403 698 422 677 379 702 393
735 403 718 430 724 382 698 411
688 371 734 400 683 343 726 369
864 512 871 501 846 483 853 472
1161 576 1147 596 1129 558 1110 580
1110 539 1177 576 1080 528 1128 555
1120 489 1111 538 1091 464 1080 525
641 408 622 427 638 377 621 393
175 163 193 148 197 200 210 191
192 144 172 161 215 182 196 197
196 147 199 134 219 185 221 172
192 162 194 148 213 207 216 187
181 209 166 229 202 241 182 269
760 620 745 614 752 577 730 565
1008 545 937 634 981 515 903 603
445 791 423 846 441 735 433 755
741 496 715 525 727 461 706 484
737 518 783 462 722 481 769 429
794 449 808 430 779 418 796 399
807 426 691 363 796 396 687 336
180 185 164 199 200 221 187 232
200 184 191 193 227 212 211 230
210 152 208 167 231 195 227 210
204 131 209 150 227 173 231 193
1146 729 1116 760 1137 667 1050 755
1000 655 964 727 969 627 935 695
1005 649 996 691 973 625 970 652
1 654 99 701 6 576 120 631
68 85 37 126 98 109 69 141
669 456 688 431 662 419 684 397
689 428 641 402 684 394 640 369
704 482 727 454 696 446 713 426
1088 538 1078 554 1046 538 1038 545
1085 568 1056 607 1039 547 1033 556
573 385 590 364 573 356 592 335
585 375 574 392 585 347 576 359
930 598 919 607 910 558 891 573
895 607 892 595 874 571 872 557
890 593 879 592 871 555 847 556
868 594 841 578 845 555 826 541
810 559 838 522 798 518 810 506
1014 530 1073 454 990 501 1049 434
99 703 1 657 119 634 4 579
82 137 115 158 110 174 138 192
131 140 102 122 157 178 125 159
117 157 131 142 143 193 156 180
262 517 231 553 284 457 251 492
483 320 525 270 496 287 516 266
603 367 626 342 608 334 626 318
283 476 221 548 300 424 240 487
225 550 277 489 243 490 299 430
906 391 866 440 889 368 849 413
696 546 680 540 692 501 670 494
1038 450 988 514 1020 421 964 485
584 423 605 400 574 400 605 367
597 520 579 458 599 491 579 419
179 226 3 462 144 325 121 351
282 570 242 553 294 510 260 494
278 163 274 211 300 154 297 186
588 436 614 407 588 400 612 375
607 402 585 429 601 380 594 388
887 708 905 685 870 649 880 639
248 552 280 566 264 493 296 506
746 585 730 607 733 546 721 560
770 534 746 583 757 499 733 544
809 462 796 488 797 428 785 449
936 617 950 595 907 588 911 577
687 455 634 520 699 398 630 474
631 530 696 450 633 477 689 416
1063 450 1009 520 1037 433 982 495
215 163 214 149 236 199 235 186
206 187 214 165 228 221 235 201
200 195 204 187 220 229 226 222
220 179 207 199 238 220 226 233
224 155 220 177 245 195 239 217
216 126 224 153 238 169 245 192
132 63 201 104 158 108 224 148
598 443 617 422 591 413 614 389
1076 609 1087 588 1025 603 1036 595
910 702 894 722 886 653 870 671
906 721 924 701 885 669 896 655
1076 685 1116 708 1049 658 1085 679
629 372 629 361 627 366 625 354
625 384 605 378 624 352 606 348
1150 606 1171 618 1113 588 1132 599
1176 617 1152 603 1137 596 1116 585
189 572 30 500 214 521 67 454
325 500 455 576 339 449 459 519
286 480 323 501 303 432 336 450
440 358 429 368 449 326 439 337
433 370 441 361 437 343 451 328
1041 704 1030 697 1008 674 999 668
1030 695 1035 667 998 666 1005 638
137 286 161 254 188 289 189 279
220 628 26 540 199 553 54 485
79 553 222 613 103 497 239 555
40 536 78 551 67 480 101 494
598 479 632 438 596 437 630 403
912 730 1005 616 904 660 960 597
1081 725 1059 713 1070 710 1025 683
1058 712 1062 684 1024 681 1027 671
1122 629 1176 658 1085 611 1136 637
1130 617 1114 637 1094 601 1087 609
1007 453 1012 466 981 429 990 447
949 459 971 452 957 428 966 427
992 518 1054 440 996 458 1028 422
396 731 350 806 404 661 355 734
461 763 452 845 460 701 453 755
560 386 547 340 558 338 545 298
609 499 653 449 601 462 648 414
657 450 609 506 652 415 605 465
1048 805 969 760 997 753 934 717
524 327 549 296 529 301 548 281
620 409 588 445 604 389 586 410
674 384 686 370 658 368 682 342
746 690 796 718 730 638 778 665
763 505 708 573 750 465 700 521
830 403 866 355 813 380 846 345
406 491 389 486 416 442 399 439
882 832 911 795 853 755 918 681
206 195 218 175 229 227 240 207
220 150 213 128 240 184 230 161
1117 714 1088 698 1082 683 1023 647
342 519 290 490 453 523 317 447
825 813 787 791 795 755 767 741
769 421 745 405 761 392 733 377
681 474 640 523 679 431 631 484
602 555 571 540 599 509 563 489
868 773 693 676 838 713 684 626
882 721 839 697 859 670 723 593
1032 733 1050 738 1005 699 1023 709
1070 787 1085 786 1018 747 1045 751
595 277 636 225 586 192 637 138
