103.617 384.409 310.468 250.18 125.773 368.734 347.922 178.908
652.766 510.731 768.393 410.301 827.026 326.022 955.074 179.065
636.376 512.275 902.437 283.346 693.255 469.345 952.427 176.357
631.396 523.454 765.917 405.905 696.529 473.461 820.295 331.386
763.403 424.606 771.801 411.869 824.604 344.408 834.695 329.47
604.886 539.359 617.226 543.292 666.927 477.327 680.163 480.265
621.489 565.062 625.159 535.894 687.407 512.038 689.833 485.984
594.795 529.005 595.206 547.018 658.729 484.97 660.043 473.005
125.41 727.072 129.791 763.025 185.376 743.905 196.092 786.23
137.319 768.041 140.055 746.878 201.441 772.851 206.673 753.179
127.277 724.703 144.556 740.469 185.141 740.764 205.153 752.745
105.46 759.73 123.427 724.615 168.324 785.773 183.139 741.71
104.784 768.964 106.108 761.018 169.845 787.01 170.381 795.041
105.655 770.323 121.608 787.367 171.75 796.333 189.517 809.645
146.177 778.444 158.774 773.433 190.966 808.932 203.748 802.498
150.247 788.523 155.746 779.839 218.818 806.909 223.818 796.909
173.823 791.215 302.017 896.979 243.758 807.347 393.521 911.688
303.548 897.6 411.328 799.264 395.124 910.104 494.684 790.737
418.651 792.618 530.427 689.334 508.227 774.189 606.408 656.34
141.027 808.03 155.893 794.879 213.275 829.203 225.991 811.993
132.235 805.059 140 807 203.051 826.82 211.907 829.329
35.7321 857.502 131.097 806.181 55.8779 933.832 201.93 827.903
12.9815 894.966 144.143 824.265 89.2479 934.341 216.574 841.79
143.732 813.034 145 823 214.57 830.914 215.935 840.01
123.588 786.994 130.627 764.237 189.125 803.716 194.585 786.866
81.5178 369.992 82.2029 411.997 96.578 358.938 100.639 396.932
74.4092 363.972 79.3665 414.222 90.3689 352.952 98.3717 398.283
70.7588 357.258 82.6194 368.337 43.63 316.463 88.6647 352.42
1.64532 290.339 33.9166 324.08 1.00074 276.999 43.9987 315.001
629.446 217.521 731.415 130.316 656.58 137.51 751.999 28.9988
538.01 145.988 627.644 217.446 552.536 69.1934 654.846 137.231
363.572 297.509 536.716 146.674 386.417 258.49 551.201 70.176
482.822 397.231 498.057 408.926 524.236 351.657 536.123 359.821
471.618 437.908 482.748 442.597 506.306 375.201 515.156 378.593
456.861 457.992 459.243 417.014 502.911 412.977 504.113 375.683
423.408 431.532 452.831 457.194 457.483 383.712 500.193 414.735
419.678 389.025 420.825 404.013 454.775 333.959 457.335 381.982
414.83 432.997 415.384 405.987 450.811 333.011 454.596 397.965
335.316 491.422 414.73 437.605 409.361 438.399 452.979 398.977
269.428 534.575 300.572 511.425 316.504 519.515 344.821 491.817
202.492 575.691 234.782 553.606 250.653 573.678 280.713 544.702
170.532 596.712 200.982 573.976 218.376 601.385 247.735 572.728
136.264 617.354 166.706 594.606 186.331 627.339 215.124 599.155
73.059 661.074 85.2414 651.301 122.657 684.658 181.556 625.557
82.0708 700.001 82.3185 676.993 135.671 700.029 137.188 716.983
62.9305 697.312 79.9752 701.111 113.857 715.757 130.036 718.811
75.2879 728.339 83.9671 720.961 137.251 766.163 159.206 742.212
56.9327 748.776 65.0979 746.326 123.616 762.711 131.154 756.178
933.337 216.218 1037.04 260.899 963.22 49.3528 1012.02 65.94
900.772 261.84 931.677 217.773 917.738 136.865 961.878 50.9371
889.994 306 890.075 334 939.475 204.948 941.666 225.036
899.581 418.012 901.015 351 953.435 232.964 971.289 448.059
583.872 595.005 584.296 606.027 649.922 534.005 650.951 549.003
462.347 465.75 572.953 562.054 507.422 419.779 649.578 525.221
461.793 462.062 464.611 425.97 507.322 376.993 508.249 417.994
792.62 390.564 817.167 369.192 837.845 321.362 885.518 264.569
781.188 436.129 836.852 354.899 827.671 371.366 885.374 265.659
475.702 384.37 635.141 512.825 542.901 364.147 690.04 462.941
484.684 442.626 494.956 433.948 526.391 388.333 542.497 369.423
480.274 448.152 500.753 454.766 519.088 392.906 530.976 391.756
499.801 434.955 500.808 453.011 543.867 375.882 546.873 397.881
415.595 976.715 424.552 981.791 513.67 952.629 524.768 958.443
413.584 931.061 415.621 975.089 508.524 909.052 513.12 951.096
176.786 828.012 177.812 846.956 251.139 834.991 253.113 864.993
137.288 783.505 154.331 793.431 231.061 819.915 250.27 833.621
158.376 803.53 179.56 822.543 226.529 823.625 248.584 840.225
834.969 628.968 858.571 605.568 924.78 546.829 941.371 525.51
859.971 606.05 869.357 611.369 943.236 525.527 954.436 531.127
870.065 612.99 871.701 623.895 954.795 550.014 955.094 533.002
846.485 653.503 866.34 634.353 934.639 576.467 953.162 551.119
842.487 651.976 843.086 639.004 927.589 559.909 930.102 576.139
832.733 634.025 833.771 645.022 918.551 568.951 919.741 557.972
833.677 646.473 843.072 652.894 919.639 570.61 927.753 575.417
23.5771 359.41 73.1286 407.868 27.388 337.669 62.5559 369.469
24.0457 347.069 35.3563 339.535 32.9112 330.902 42.3228 322.355
1.02272 344.976 22.6616 365.296 1.1687 325.783 28.1861 346.76
132.914 759.999 133.186 740.988 191.066 746.202 192.767 754.051
582.78 651.746 591.384 644.289 654.6 599.514 662.433 590.371
509.28 670.341 517.49 663.597 563.469 660.632 601.566 605.699
488.544 686.78 495.565 704.176 564.753 662.129 572.196 676.419
876.01 208.108 897.925 206.159 909.146 52.5912 924.922 48.6859
103.987 788.02 116.818 796.283 164.649 808.809 178.144 814.667
857.821 231.234 870.205 240.733 891.235 101.514 899.287 105.406
802.855 192.181 870.016 245.981 868.514 104.737 908.115 130.826
892.687 232.78 931.477 177.632 910.194 113.069 958.484 14.7407
933.391 177.114 1036.69 222.694 960.272 13.1774 1000.21 26.3619
966.871 228.054 968.966 193.998 999.963 28.0016 1001.35 61.0272
247.284 994.308 275.974 1006.06 341.293 1005.26 373.035 1017.91
238.445 948.011 239.376 996.012 329.974 969.003 334.451 1011.06
239.97 946.953 249.038 941.059 330.733 967.686 348.513 952.605
180.735 853.243 244.197 922.594 335.562 938.444 348.146 950.852
231.709 904.315 247.291 918.685 316.499 919.625 336.448 936.632
231.886 889.994 231.971 903 314.649 899.926 316.714 918.033
180.603 842.423 230.113 888.879 273.452 869.733 312.849 899.201
178.956 820.053 302.474 921.639 258.104 838.851 395.711 934.416
304.527 922.577 592.054 660.059 397.583 933.484 667.679 608.565
595.936 648.163 627.729 660.687 668.92 588.218 702.744 600.694
628.898 658.886 665.389 626.437 703.534 599.606 738.412 558.348
664.5 592.014 664.957 624.995 734.29 526.074 737.579 556.979
665.808 590.784 726.759 536.728 736.172 525.147 793.794 457.824
743.277 556.305 769.481 532.531 814.136 469.112 829.923 449.937
801.277 495.297 810.078 487.083 827.458 447.531 876.482 391.351
809.983 467.842 812.252 481.96 873.385 375.923 876.192 389.962
806.314 465.354 880.63 399.582 867.279 371.39 937.416 288.506
773.56 481.516 801.806 458.446 843.027 396.023 865.433 369.364
135.82 410.015 136.934 423.006 158.111 389.993 158.712 399.019
820.991 690.99 885.358 629.374 912.509 622.39 992.73 517.559
738.57 518.673 763.576 497.499 807.129 437.109 829.66 410.56
735.436 515.376 761.685 491.651 798.309 439.448 826.543 406.44
733.729 517.034 735.483 531.065 799.277 440.911 803.161 452.948
744.633 523.891 747.426 540.099 812.424 445.913 815.15 459.175
873.414 241.99 874.109 202.002 903.39 58.0429 907.609 118.027
466.3 713.232 478.054 698.042 526.428 709.293 552.775 670.846
426.315 749.639 438.349 743.707 505.404 725.47 524.827 708.799
397.727 766.583 413.259 747.208 476.614 756.394 487.847 738.902
336.553 822.286 354.879 810.807 418.176 828.193 433.883 813.872
339.388 797.374 362.436 773.456 423.173 800.12 443.277 771.193
367.704 773.699 382.152 759.15 447.313 773.22 462.172 752.121
362.956 795.964 388.249 765.379 436.624 807.393 462.777 765.86
341.277 816.341 363.284 797.312 415.365 826.398 435.204 808.223
388.152 773.99 389.649 796.958 467.704 766.884 471.341 788.944
384.766 777.982 385.234 798.018 464.61 770.893 467.802 789.035
3.86928 542.629 36.9831 530.952 38.4672 557.801 55.0683 548.117
5.0665 546.57 32.6895 536.318 48.1955 557.289 64.9593 545.94
732.307 981.511 755.837 997.232 847.122 929.568 881.56 947.751
725.344 972.464 756.383 992.403 864.589 931.242 883.218 945.719
826.808 691.796 879.275 642.292 920.67 617.509 996.69 517.525
250.836 984.205 271.923 1001.1 341.841 994.234 370.973 1014.04
249.454 982.936 251.577 964.95 342.481 971.066 343.989 983.001
267.747 976.528 305.677 994.675 360.756 982.568 402.738 1000.61
307.216 993.301 415.479 915.668 404.467 1000.47 489.542 915.542
474.506 802.017 474.75 844.75 560.869 782.014 564.515 816.946
397.426 909.967 398.426 922.967 491.539 900.941 492.629 910.931
392.75 904.732 415.515 883.48 484.243 896.363 510.368 865.309
49.4431 426.546 155.773 535.206 69.4869 419.594 194.981 528.022
42.7354 416.375 50.0387 424.967 61.5 409.5 70 418
0.900747 438.746 30.1219 427.311 1.13331 446.222 60.3666 410.61
811.788 193.48 842.899 207.229 826.012 59.9639 876.818 76.5574
844.52 208.37 936.301 79.5021 877.527 74.7545 915.61 1.31633
88.799 678.547 94.1177 687.933 146.597 703.659 159.274 725.843
96.4503 686.483 152.071 734.918 133.901 695.129 145.179 703.766
293.915 883.116 302.629 889.506 381.939 896.098 392.533 902.744
306.696 886.664 397.552 806.209 394.075 901.063 491.679 784.731
239.594 361.37 342.862 294.785 259.991 319.989 361.782 233.743
344.68 294.969 345.136 304.994 362.784 235.036 364.27 243.955
251.312 365.73 345.301 306.465 260.213 333.252 363.177 246.209
226.447 369.057 227.732 358.966 245.013 306.999 246.987 327.001
153.232 399.616 176.344 390.914 176.257 374.475 195.145 364.269
125.011 401.277 151.011 400.277 138.954 381.763 175.147 374.761
94.9015 416.829 123.58 400.272 107.509 406.671 138.254 383.334
80.075 421.426 94.1668 418.949 95.9988 406.136 105.998 406.227
22.6028 367.409 78.5434 421.484 28.4285 348.67 94.6729 405.317
207.538 381.238 228.654 368.43 237.239 335.229 246.036 326.034
168.533 422.693 192.311 404.404 203.276 385.214 214.182 371.141
128.986 429.818 142.978 428.718 156.249 405.858 181.182 398.627
94.2564 441.385 102.795 435.692 112.383 425.586 123.292 418.445
71.5029 429.811 91.1075 441.825 93.743 416.582 110.927 424.166
641.641 784.003 643.58 1036 734.843 741.015 758.216 991.964
643.811 782.295 975.602 994.622 737.581 742.786 1011.92 889.148
28.0745 662.908 52.4352 682.695 73.6003 681.529 88.9186 693.108
7.79185 671.728 23.6783 659.579 58.1373 693.121 65.1748 685.154
12.6336 638.352 31.2015 658.792 43.665 646.314 69.0599 670.938
1.01835 410.034 34.0311 392.057 0.8472 412.803 45.3946 378.22
36.3584 351.795 52.192 379.462 45.5206 333.628 64.5707 360.307
381.179 204.023 382.481 249.986 392.052 143.994 396.255 181.972
200.274 1.72418 393.097 194.94 253.396 1.52946 402.619 128.46
489.008 940.008 574.874 861.861 651.298 829.347 669.45 807.24
531.022 913.024 561.115 886.129 625.627 861.687 651.677 830.729
531.059 914.235 533 922 625.758 863.029 630.679 904.039
573.299 927.33 584.319 917.353 665.089 879.044 687.855 850.884
590.837 912.009 591.076 890.001 683.751 819.029 685.834 837.019
598.051 839.994 599.279 850.969 687.947 773.884 689.923 790.009
573.221 844.241 591.53 827.487 670.456 778.467 682.332 766.345
427.286 996.317 485.624 943.584 525.759 970.63 659.989 808.991
391.351 1009.33 411.609 989.626 521.446 967.541 580.864 895.887
578.704 863.027 579.128 852.005 670.779 795.015 671.381 804.041
553.827 927.786 570.909 914.797 667.326 866.444 677.268 854.396
444.525 727.585 451.386 721.43 520.83 708.85 533.038 695.033
632.046 584.051 899.123 345.137 701.373 528.469 952 233
860.277 621.297 869.078 613.083 946 543 952.812 532.874
388.798 899.788 414.758 876.719 494.241 873.197 504.62 860.507
55.7008 616.644 67.6587 640.173 98.5354 625.283 109.234 642.857
43.1025 596.197 69.9664 583.872 83.3419 610.468 99.6672 598.544
25.3178 576.584 41.4666 595.456 45.3653 572.643 81.9095 610.088
723.638 868.576 764.02 893.968 830.857 824.27 879.082 849.846
716.452 856.29 774.483 893.242 821.137 811.741 887.913 847.164
726.018 865.972 772.079 895.878 833.138 821.745 885.099 849.817
724.011 901 724.856 871.996 831.192 826.063 833.448 855.043
724.908 903.15 767.752 929.405 835.128 855.747 882.601 879.789
768.63 896.984 769.432 927.989 882.349 859.963 884.276 877.971
971.318 189.976 973.509 127.983 1000.67 0.947459 1002.63 25.9508
80.1888 829.988 81.2612 754.989 142.55 776.951 148.37 860.026
75.5695 826.009 76.9361 744.016 140.195 775.987 145.579 857.958
426.104 407.009 427.365 392.943 461.977 356.15 464 343
395.572 747.57 411.039 732.039 475.376 741.249 496.551 709.366
183.766 792.284 286.913 877.106 247.648 802.505 374.208 890.702
120.344 715.648 141.065 735.934 153.235 709.681 244.154 776.791
856.984 337.065 887.141 344.424 917.957 228.167 938.17 233.337
849.738 342.783 855.616 335.682 843.369 349.202 899.461 246.705
76.2999 516.708 119.166 499.903 63.7224 542.513 151.315 492.552
386.213 352.996 388.09 451.017 415.332 302.07 425.433 397.954
373.4 336.685 459.626 412.286 417.059 301.921 514.669 374.445
472.287 428.433 499.353 410.534 515.867 373.857 531.927 358.922
758.444 976.531 765.28 983.687 878.488 926.771 911.991 949.013
761.451 975.183 775.145 982.737 879.252 922.426 896.084 929.809
786.1 990.833 795.358 996.405 906.523 935.834 917.826 942.304
769.729 1004.97 771.043 993.005 890.618 937.025 891.519 951.031
770.666 1006.57 788.118 1016.8 893.095 951.811 911.095 960.811
788.613 1010.93 790.097 1002.83 912.416 950.979 912.865 959.957
854.841 587.828 915.131 532.188 936.665 508.537 1011.73 415.516
87.4031 431.796 123.966 411.931 111.574 415.757 146.618 390.299
376.743 209.974 378.244 252.991 388.436 146.943 393.67 187.043
321.521 244.27 375.089 209.135 345.639 181.577 386.656 146.596
866.969 961.049 922.508 996.197 992.914 911.171 1012.09 920.829
852.008 948.987 868.832 959.275 979.262 901.514 993.456 909.152
856.233 946.636 929.299 993.534 979.22 896.59 1011.93 914.136
868.328 994.015 868.66 963.926 992.558 912.048 995.717 941.031
869.712 995.45 925.537 1031.16 997.217 941.583 1011.89 949.22
901.706 231.356 932.208 217.457 926.456 81.5239 959.665 52.6148
110.522 374.262 317.52 240.259 120.271 364.316 232.805 267.773
586.025 606.971 597.637 617.283 660.032 558.958 668.451 565.412
598.067 619 598.067 632 668.586 566.943 669.933 580.91
593.157 621.956 596.328 633.19 665.059 568.99 667.354 582.113
592.473 715.007 593.619 637.029 661.164 572.084 662.055 580.995
324.728 807.777 333.238 797.376 384.635 845.742 401.622 821.733
306.409 853.501 326.244 837.299 401.446 849.536 411.554 837.464
504.16 689.14 520.465 670.532 579.209 660.126 587.105 647.063
747.206 472.248 762.47 459.565 698.378 523.689 809.277 391.236
761.921 457.999 762.17 436.99 818.844 344.022 822.702 372.041
28.6395 639.417 52.4348 624.703 70.9897 655.988 93.7632 635.734
28.2675 640.748 45.7291 659.256 72.1067 656.858 79.6267 662.498
48.0113 725.075 82.1523 715.592 102.964 747.879 114.165 744.555
68.9096 708.752 82.3162 703.868 114.766 742.386 137.305 733.801
541.447 875.466 566.99 850.989 633.361 826.295 657.587 796.662
531.762 870.386 539.792 875.338 621.759 821.466 631.684 826.609
536.405 828.985 537.068 846.997 624.169 784.98 625.69 798.036
589.743 823.015 590.256 798.005 679.255 729.981 681.128 754.99
569.762 840.745 587.842 823.831 658.665 781.623 671.327 770.368
450.138 959.151 477.318 934.348 579.698 896.584 657.099 804.083
476.684 910.986 477.141 932.997 570.026 865.997 573.504 897.056
476.527 883.197 486.795 930.039 568.228 845.25 573.68 862.103
448.272 895.302 472.498 873.444 547.95 860.964 560.123 844.089
413.088 930.096 449.476 896.515 514.299 903.244 543.907 866.924
529.198 778.996 529.269 765.996 612.545 737.986 613.421 709.013
529.846 780.231 537.692 785.462 613.98 739.033 622.804 744.327
539.27 785.299 567.619 758.54 624.507 743.419 668.76 689.802
464.467 442.492 552.999 524.001 521.884 395.153 575.383 435.493
9.10296 647.731 11.4699 639.841 51.6031 672.175 55.2034 659.769
304.891 995.004 306.395 1035.99 397.015 943.998 403.232 998.974
305.283 930.31 590.615 669.578 397.273 942.393 487.88 833.9
1.00707 479.018 69.164 452.42 1.26558 500.45 96.254 444.431
405.118 855.987 407.04 881.987 497.193 849.946 500.831 863.047
429.243 391.714 457.942 416.068 460.609 339.533 509.002 374.998
401.864 449.155 564.552 590.791 482.082 423.889 637.644 538.483
970.873 229.053 972.772 197.986 1003.22 28.9926 1004.29 60.9902
88.8425 457.145 125.31 496.714 112.755 440.271 161.583 484.355
470.807 737.786 495.174 717.299 499.474 775.562 591.713 664.592
388.072 374.919 415.105 398.881 419.441 324.392 446.162 343.776
389.023 355.974 416.056 379.937 417.404 307.447 445.187 327.744
1.11744 461.301 57.1593 439.408 0.951957 478.918 82.2075 431.355
429.797 715.806 436.158 709.151 512.861 693.914 520.445 681.657
441.676 886.644 590.427 751.334 533.056 871.047 671.043 705.036
890.888 304.87 909.164 289.191 927.155 216.132 934.952 206.959
885.553 333.017 886.217 312.007 936.253 207.972 938.975 233.003
149.782 391.817 160.302 379.253 169.606 366.738 180.068 351.045
56.9056 452.738 68.2367 448.657 47.095 466.171 78.442 448.797
20.795 462.459 54.836 449.567 1.21646 489.373 77.5054 445.147
35.9301 691.922 45.3896 683.434 77.2667 731.133 98.8104 699.859
35.0638 702.084 36.8417 721.925 87.0622 724.163 90.8333 745.855
22.8384 733.717 34.9065 726.836 77.7991 758.696 89.8267 750.738
16.6123 742.504 27.8698 751.169 71.6481 767.67 96.5917 780.777
16.0971 740.616 32.7996 701.34 71.4282 765.817 84.735 724.235
0.974538 487.935 76.1764 458.45 0.854548 511.754 104.314 450.531
487.861 941.034 493.484 963.881 585.504 901.825 594.341 927.229
505.303 974.424 530.352 956.492 602.43 928.433 629.037 902.037
678.26 606.296 731.562 559.501 750.513 541.447 813.269 469.363
668.891 599.131 677.055 605.934 739.062 533.904 748.855 540.225
44.6233 847.327 73.9505 830.912 97.8897 895.848 139.685 865.565
33.8965 830.866 35.2608 839.961 99.9202 859.769 103.457 873.885
22.0062 829.864 32.0309 830.32 86.9688 861.553 97.9848 860.783
0.891338 835.427 20.8696 840.512 47.9728 865.119 84.8789 873.531
553.412 750.476 573.254 733.293 613.425 729.443 655.167 681.134
82.3485 802.76 107.174 791.379 154.948 824.9 174.418 814.807
373.682 334.527 389.8 323.703 402.123 287.113 411.72 276.661
80.9854 807.969 110.209 794.452 150.257 832.439 178.101 816.173
1.25718 509.685 84.2016 478.537 67.9911 497.985 111.35 472.597
285.889 1006 286.24 1036.01 384.63 1015.93 385.693 1025.04
251.979 976.025 283.976 1003.03 345.95 988.069 383.451 1015.38
41.8275 532.533 70.0386 522.104 73.6024 540.28 87.7172 532.488
41.875 534.1 80.5646 582.549 74.0518 541.949 117.132 585.871
818.363 481.405 891.155 416.173 883.256 386.38 943.751 313.792
395.472 998.026 397.273 951.978 499.584 996.948 500.905 1011.92
408.878 952.936 410.639 977.026 504.26 911.973 510.151 967.984
0.883203 285.121 19.7411 303.269 0.878373 273.144 22.0128 290.985
31.9383 315.06 62.5427 346.56 22.9647 290.04 73.8253 335.197
5.07341 667.641 11.9135 649.967 54.8737 678.964 57.6317 669.178
33.7745 890.662 39.5067 903.779 109.211 928.929 114.581 944.804
253.685 287.389 291.186 317.77 274.818 242.262 310.13 266.813
240.329 352.509 303.461 311.714 259.324 310.394 309.556 268.531
181.123 825.991 182.262 842.052 255.836 855.908 257.271 868.97
321.073 300.12 340.969 287.95 338.083 244.1 357.777 227.731
256.967 286.041 293.046 314.943 279.57 241.621 313.112 264.838
54.0765 674.499 75.0441 671.288 105.103 698.367 126.133 692.476
52.9227 671.603 73.1294 667.664 104.86 695.575 124.085 689.258
775.55 1002.61 786.489 1010.69 896.615 946.652 910.503 954.843
23.984 299.983 125.809 202.8 24.4108 287.503 134.278 157.234
31.8456 306.838 129.54 213.566 35.0846 292.071 129.786 179.82
34.9341 308.931 119.602 227.585 37.5787 295.648 131.421 183.352
37.9071 310.903 119.545 232.526 37.808 298.732 123.731 198.773
39.7612 313.752 117.772 238.762 42.4017 301.499 125.901 199.33
42.0822 316.086 122.348 239.364 45.4679 303.393 123.029 211.024
43.9712 318.97 114.959 250.957 48.6765 305.73 125.338 213.208
27.0272 303.968 57.4115 333.573 48.8855 307.129 61.0763 317.914
56.5116 330.493 116.091 273.094 62.6532 317.549 121.496 247.576
58.1708 333.18 108.003 286.003 65.425 320.523 123.543 250.45
551.094 177.103 559.97 168.967 568.263 101.276 578.489 91.5127
548.222 172.365 557.737 166.569 566.202 97.2343 575.393 89.297
525.807 157.234 546.03 173.964 554.957 89.0605 564.914 96.121
68.7932 611.776 96.2428 619.089 112.98 618.679 139.016 619.435
529.485 823.019 531.198 869.03 617.855 784.017 620.569 807.051
223.392 418.628 274.51 472.465 247.43 379.513 310.107 434.879
276.457 472.731 304.225 455.359 311.264 434.32 339.193 411.234
247.194 389.823 304.389 452.646 268.511 344.446 339.286 409.69
181.514 830.59 302.693 930.373 256.461 844.773 396.667 942.478
1.40261 167.421 88.3201 84.2892 0.967466 125.973 69.6126 44.5162
59.8832 336.878 108.874 289.869 67.7323 322.621 118.573 262.638
61.2668 340.277 105.073 298.076 70.6506 325.71 120.681 264.472
0.898538 223.894 117.452 112.427 1.28741 194.242 102.306 74.4146
40.7245 745.024 41.1207 733.004 95.5248 751.917 98.2339 768.963
626.653 657.005 627.02 608.992 697.86 553.012 701.795 598.932
1.01876 270.02 140.743 136.73 0.84426 257.869 133.99 99.9919
1.03687 261.039 134.919 132.915 0.549677 246.619 130.192 95.2679
216.714 546.35 225.543 553.56 253.857 520.15 266.642 532.374
238.717 150.141 318.293 123.888 237.069 102.128 318.331 58.6179
241.295 152.898 321.222 126.677 238.202 103.934 320.404 61.7477
384.756 337.27 428.819 377.2 413.584 289.545 450.298 317.61
970.785 296.005 971.156 236.995 1005.58 64.9541 1010.44 126.044
152.86 136.698 380.968 189.139 144.939 99.7164 383.046 124.553
17.3254 6.65808 152.088 134.908 76.5841 42.5071 144.102 97.8757
108.162 75.5298 136.003 67.0113 77.681 39.3867 152.678 0.380276
1.17076 531.456 108.147 491.392 0.623652 558.347 131.61 483.509
539.402 926.346 563.427 904.373 639.488 871.393 667.581 836.467
728.525 897.728 765.914 922.132 863.909 864.182 880.69 872.616
0.98984 120.989 58.6969 65.6837 1.08501 68.0735 39.5249 23.5895
1.70891 110.695 58.5323 56.5096 1.07329 56.0648 35.29 17.3721
1.15188 256.159 133.673 129.657 1.24334 240.206 125.318 93.4232
136.448 490.543 163.727 517.279 168.615 479.312 195.547 503.388
81.3799 827.668 126.02 804.059 150.436 857.597 195.506 824.694
551.578 525.476 592.317 561.643 508.931 390.087 657.403 508.495
1.18745 153.196 80.5189 77.4958 1.27291 114.23 62.5115 41.5882
1.2046 465.527 60.242 442.624 1.32126 482.548 84.4581 433.781
435.343 417.744 457.071 436.92 473.719 365.364 501.281 386.636
434.809 415.989 435.692 400.982 472.256 349.973 473.724 364.029
538.12 834.155 552.822 822.77 633.168 784.136 641.625 773.696
0.838331 130.832 68.5641 65.5478 1.04473 80.0379 45.5317 27.6027
1.00845 135.009 70.4089 68.3842 0.547714 86.6209 48.4983 29.4177
1.25599 242.268 125.967 122.965 1.33394 217.282 114.336 83.4398
28.808 304.799 122.987 214.986 30.6869 291.736 129.516 174.434
53.1401 762.617 67.6581 767.934 102.741 778.669 128.72 788.723
52.834 739.044 55.2739 748.194 101.652 756.971 102.538 777.02
1.14273 214.149 111.99 107.989 1.18561 183.156 96.7118 69.7572
0.429009 219.402 115.553 109.532 1.85085 187.874 99.7528 71.7915
1.02114 233.022 117.128 122.134 1.51837 205.438 107.724 79.767
0.920341 456.796 55.2243 435.574 1.37475 471.636 76.2798 427.475
0.456585 247.43 125.837 127.829 1.03153 229.027 119.625 88.6832
1.28364 251.297 130.782 127.771 1.76018 233.797 122.739 90.6242
0.871055 237.865 123.039 121.041 1.46768 211.394 111.653 80.7073
0.777367 172.767 89.6675 87.6528 0.896469 131.912 71.5076 48.5828
1.00976 177.01 88.5333 93.5108 1.76479 136.802 74.8545 49.8777
1.11014 228.116 119.383 115.352 1.21669 200.183 105.486 76.5661
100.108 368.807 141.327 178.854 117.173 359.016 120.964 317.997
92.1803 728.54 105.077 724.231 151.719 763.086 165 759
403.448 910.301 412.884 902.853 498.608 898.611 507.571 889.574
1.83205 143.826 70.5734 77.5575 0.678184 97.7274 54.307 34.413
54.1259 328.131 110.181 274.188 60.0822 315.069 122.394 240.329
0.852974 483.628 74.2367 454.598 1.1703 504.289 99.2716 446.461
15.6021 298.63 78.5462 238.525 16.7025 279.75 129.841 145.863
20.5848 298.565 135.228 189.239 19.714 281.602 131.444 147.222
98.7635 622.828 101.529 635.106 143.81 622.804 147 636
225.187 520.732 252.912 513.657 288.127 492.212 297.392 486.654
152.681 547.494 219.334 505.531 189.984 539.981 276.199 467.236
307.57 1009.6 377.233 944.242 406.247 1015.21 460.693 949.575
653.643 777.621 703.052 731.055 746.688 736.739 767.633 711.693
1.10816 405.197 30.8918 388.803 0.908088 400.879 37.1701 373.223
68.18 50.584 115.043 36.139 43.92 9.82154 64.7674 0.480844
180.866 765.941 182.586 791.028 249.661 784.033 251.584 804.04
181.906 133.707 276.134 103.417 166.393 96.7443 285.442 33.8373
1.29235 106.306 56.556 53.5351 3.37978 48.3224 30.8959 15.9116
1.27932 200.291 103.916 101.912 0.272747 161.386 85.4102 60.5022
0.862441 195.856 101 100 1.07499 166.063 88.4761 62.4014
46.922 321.929 118.965 251.964 51.7107 307.758 120.517 225.596
51.7177 325.706 116.508 263.53 53.9294 310.941 122.579 227.299
1.21688 209.227 108.109 107.115 1.32405 177.273 94.1134 67.0955
76.9429 57.8208 205.003 17.0105 52.4226 17.827 81.0906 3.17735
78.0205 54.0655 154.083 30.2657 49.7776 15.5713 79.5471 0.12694
243.999 97.9981 272.842 88.5206 144.402 92.7624 273.417 24.791
150.197 127.638 226.969 103.901 140.84 90.6958 271.542 22.1279
105.949 85.8362 200.114 56.365 89.6707 48.3631 177.086 3.16716
172.777 133.303 273.954 100.857 163.61 94.2628 285.46 29.8699
73.1972 352.21 100.034 327.036 85.6184 342.515 118.296 303.246
70.3325 346.327 107.986 308.985 84.3171 338.266 115.754 300.794
108.062 82.1957 233.105 42.3282 81.7699 44.5522 162.13 3.25249
144.098 111.306 262.149 73.4639 123.62 76.2529 254.088 8.16553
143.192 114.603 266.144 75.4513 127.268 78.5134 255.327 11.627
424.443 939.617 437.953 929.934 519.912 920.916 534.613 905.628
419.024 940.065 420.675 965.021 514.815 915.021 517.514 939.055
0.8168 139.809 71.8189 71.8109 3.04232 89.036 51.2887 32.3942
108.958 87.8654 215.234 54.7511 86.136 46.2633 169.184 3.35685
138.206 109.669 208.036 88.1157 117.759 71.5012 249.132 3.25248
254.832 100.475 283.128 91.4002 150.228 93.4341 277.676 26.3838
226.951 125.852 289.091 105.276 188.123 93.2322 291.288 38.5439
189.185 134.571 297.21 99.6499 179.406 93.7688 288.962 35.9287
302.465 919.034 304.059 896.932 394.724 932.024 395.121 920.004
308.039 1017.04 404.609 929.568 405.63 1024.69 493.283 919.235
523.121 191.214 533.593 185.282 543.804 119.76 551.543 113.44
528.929 195.089 615.2 263.749 543.726 121.416 646.095 188.855
1.32395 125.339 60.6538 68.6378 1.05152 74.0442 43.4875 24.5605
43.0329 400.961 71 428 65.4215 392.518 94.2483 417.716
88.3747 383.018 89.2256 411.993 105.384 371.071 108.123 394.986
137.173 97.5611 199.135 78.4389 104.751 63.5227 220.185 3.35529
117.204 97.6604 163.144 83.4661 100.95 57.904 206.14 3.26903
136.883 94.6199 197.029 76.0956 103.186 60.3603 212.423 3.81644
100.957 80.8587 177.799 57.3441 78.6741 42.3678 155.009 3.01657
388.74 320.319 460.256 378.686 401.738 262.388 543.124 357.816
1.19955 452.514 52.2628 432.676 1.17609 464.301 70.4295 423.733
1.40283 181.42 89.7652 96.7549 0.707857 143.754 77.5468 52.6179
112.214 92.7078 181.903 71.6794 95.0897 53.1735 191.23 3.44467
115.961 94.8735 161.955 80.854 97.4061 55.7845 198.288 3.55625
473.957 228.945 482.447 222.294 493.552 169.54 503.683 159.675
472.577 230.525 724.295 433.635 495.063 170.906 783.452 364.326
108.181 69.5729 216.135 35.4279 70.6345 35.2907 137.036 1.07073
269.963 120.881 297.744 112.183 206.003 95.0058 300.108 45.2009
253.108 133.314 310.262 113.766 209.288 97.5422 302.109 48.205
226.866 144.585 304.187 119.577 220.219 99.4126 308.316 52.5939
297.245 165.763 329.161 155.501 305.994 107.989 348.425 85.814
523.147 364.817 669.29 482.641 438.674 228.485 730.294 424.562
416.126 277.844 482.485 331.635 423.78 218.322 433.176 224.742
8.54248 301.051 10.2229 316.087 13.4472 304.071 15.3607 318.954
79.0032 60.0109 101.143 53.4846 56.0213 20.0406 88.1158 3.22096
93.0423 71.1461 106.762 67.1772 69.1082 32.2101 125.173 3.33675
219.848 93.5458 260.937 79.8117 128.874 80.7243 259.932 12.8711
144.996 119.986 195.138 104.444 132.37 83.7045 262.279 15.5315
239.992 95.9741 273.743 85.1962 137.205 88.3988 267.064 20.1176
271.979 116.931 301.284 107.923 194.38 97.7156 296.294 43.5523
145.076 101.242 212.1 80.3204 110.135 68.2583 240.598 0.229449
261.877 152.629 317.102 134.306 253.41 105.762 326.288 66.5343
399.543 1015.75 412.521 1006.34 504.873 995.885 514.852 984.866
133.036 108.115 211.262 83.8459 112.823 70.6615 242.073 3.13988
311.129 164.408 341.907 154.705 310.832 109.686 352.302 87.5667
309.285 168.847 343.155 157.462 312.084 111.358 355.443 89.8168
83.2889 64.9256 183.227 33.7257 61.5488 25.1503 103.058 3.11008
106.745 73.191 135.699 64.0481 74.9219 36.849 138.091 4.17561
101.436 617.652 130.937 597.905 146.63 617.601 172.577 593.543
445.824 228.219 703.259 435.678 464.855 170.216 761.111 368.834
838.174 195.125 912.469 93.4441 867.812 62.4285 900.172 1.09065
798.147 177.654 836.925 194.176 780.794 32.6085 865.869 61.3864
288.802 159.399 335.95 143.85 288.947 105.901 341.022 78.0407
334.813 229.708 381.071 200.111 346.964 175.957 390.828 138.797
163.275 439.748 216.342 497.687 188.235 411.741 250.701 469.271
149.092 443.468 161.989 440.945 173.159 416.535 187.117 412.394
255.564 503.467 278.827 525.185 297.774 480.291 329.226 504.709
265.238 157.726 330.138 136.419 266.29 106.541 331.326 71.6067
279.108 156.327 317.848 143.538 276.87 104.756 334.098 74.1858
323.167 167.482 354.258 156.746 325.167 110.305 358.159 92.2908
432.339 1004.29 468.672 970.646 532.555 974.636 566.742 932.789
470.174 969.807 480.662 979.267 569.297 931.583 581.703 940.417
1.03807 395.068 26.4565 380.814 0.899154 404.868 39.3483 375.455
483.249 505.716 571.723 583.316 455.938 395.085 641.591 531.557
357.872 476.146 527.192 624.782 400.759 445.327 598.699 591.408
333.242 173.703 360.151 164.437 339.235 112.941 366.315 99.5687
674.192 496.519 744.765 470.366 739.25 435.4 803.533 395.252
26.677 409.345 41.9172 401.832 1.06833 436.09 56.8974 393.864
309.733 354.522 336.362 339.647 331.634 297.538 358.462 276.32
309.805 356.001 310.099 398.999 331.716 299.024 335.222 339.981
353.188 223.828 369.933 242.061 369.92 162.097 383.65 173.424
173.685 445.284 223.958 501.038 200.421 416.611 256.328 469.655
170.243 436.366 173.946 444.026 195.376 406.385 200.775 415.139
375.627 287.46 644.196 504.758 399.496 244.749 707.065 451.904
122.699 499.578 134.901 490.862 123.144 500.261 146.279 487.506
117.695 376.686 126.13 395.392 139.132 358.927 145.835 371.091
145.38 518.824 157.176 513.38 181.648 510.67 191.833 500.827
124.961 499.041 143.867 517.139 156.14 489.828 179.879 509.148
422.768 248.287 690.327 464.595 443.657 195.51 751.373 402.445
247.994 294.997 248.164 342.916 262.412 255.951 267.678 299.919
16.5725 896.65 25.9732 912.016 107.853 953.189 200.043 1024.94
264.459 976.649 301.544 1007.55 367.505 988.665 401.838 1014.22
708.983 151.021 887.475 294.408 731.54 53.688 935.544 190.187
541.327 184.608 580.091 216.891 529.802 95.2956 837.553 301.173
178.44 969.523 237.614 919.729 313.207 952.171 328.114 934.094
639.824 210.218 817.563 353.3 666.629 127.553 869.406 263.394
650.888 200.139 829.379 343.528 677.647 115.528 880.5 251.252
491.851 188.182 508.877 202.15 508.536 120.692 815.464 326.307
334.015 678.983 402.884 739.132 399.158 671.785 474.717 727.384
574.897 180.129 623.124 218.845 577.695 90.456 623.124 120.815
498.599 212.497 748.274 413.661 523.04 149.94 804.415 338.38
720.769 141.287 898.429 284.468 742.578 41.6302 947.219 178.673
686.076 170.906 864.508 314.368 709.756 78.3648 914.526 215.213
113.263 438.512 127.973 430.947 119.545 432.624 138.253 416.29
6.1962 616.852 23.2802 639.542 46.2177 630.815 59.0726 645.938
392.783 455.251 457.708 511.339 436.764 415.325 478.977 446.032
427.074 270.909 678.532 474.343 657.131 354.807 742.269 412.604
866.211 254.738 901.158 282.803 810.404 83.3977 948.115 175.829
871.003 245.996 898.523 268.581 861.836 105.246 948.87 163.195
629.155 352.808 726.394 431.514 543.996 200.006 775.016 354.976
470.725 206.341 739.239 422.704 488.607 143.586 797.306 350.543
842.503 198.31 848.177 189.109 870.681 65.3572 904.332 1.17428
807.894 185.248 840.913 198.403 764.001 29.9965 868.056 65.8364
273.246 700.716 358.427 774.507 207.706 607.401 438.414 776.436
325.033 496.962 368.814 535.213 369.559 472.598 575.404 624.452
596.157 180.291 609.927 172.864 604.456 102.392 648.749 62.7201
174.994 740.007 284.939 835.07 201.879 730.165 370.347 853.527
144.776 613.255 201.142 662.838 193.633 622.501 426.139 792.811
541.415 520.528 593.701 564.579 635.041 486.946 677.077 518.865
321.708 812.545 326.354 819.773 250.823 715.241 399.116 823.842
337.348 631.603 430.568 713.352 289.888 540.152 506.356 699.517
317.554 515.361 394.734 582.307 354.955 487.061 561.55 639.253
549.981 177.024 795.44 374.453 638.97 145.044 851.323 287.519
255.892 785.125 304.173 826.8 144.596 662.551 386.132 839.82
301.093 674.894 387.381 750.565 240.637 580.493 465.295 745.599
277.916 530.096 382.053 620.939 323.681 514.432 534.278 669.623
292.696 518.35 385.721 599.321 338.143 499.807 546.484 653.344
405.633 445.424 498.867 526.153 448.008 405.989 514.106 453.854
385.846 649.175 443.281 699.68 304.895 526.143 517.478 682.35
788.531 325.377 820.384 352.55 767.43 191.358 873.43 262.358
657.237 394.705 703.865 432.168 576.038 240.943 774.506 374.247
717.418 350.485 771.487 394.401 589.022 154.968 827.226 314.663
665.218 188.73 769.865 273.167 690.659 101.511 895.481 238.28
276.577 753.491 330.238 799.724 174.954 634.063 410.907 807.127
210.865 571.156 241.98 598.023 258.859 568.191 319.227 612.692
674.963 181.046 853.495 324.383 798.349 153.474 895.158 217.763
597.912 367.11 703.327 451.591 497.962 209.057 763.524 387.219
699.038 158.953 868.797 295.253 722.832 64.2508 927.463 201.309
515.432 203.459 561.087 239.891 536.289 135.569 816.426 323.365
728.886 336.143 776.094 373.883 730.107 225.839 830.999 293.001
692.363 326.547 774.031 391.961 648.101 190.849 828.985 312.022
690.864 388.171 727.017 416.978 509.001 160.999 785.065 345.904
416.235 437.732 576.711 579.384 602.971 494.039 646.116 525.843
744.91 315.113 797.127 356.841 671.76 151.359 859.552 277.175
396.807 285.238 655.268 494.669 580.012 342.982 710.946 431.081
633.634 538.143 637.261 522.059 698.767 486.159 701.507 472.898
529.095 674.132 538.355 667.495 602.551 642.428 615.457 632.308
0.915385 891.31 11.9154 894.31 57.0039 934.859 87.9801 935.719
426.358 344.549 467.945 379.052 388.133 259.803 495.493 332.27
457.289 398.616 464.251 406.649 495.576 349.625 513.486 361.759
471.485 411.643 485.22 401.292 515.089 360.08 522.653 351.688
302.415 512.568 332.63 490.493 346.396 493.415 377.624 464.422
236.369 554.487 267.785 532.438 282.379 546.407 311.427 518.357
71.622 664.419 86.8622 678.153 122.564 686.495 136.332 698.623
900.3 262.716 911.486 274.54 919.008 137.988 960.269 165.598
578.761 585.03 581.156 604.106 645.273 530.119 648.542 550.075
525.291 430.642 628.398 514.51 543.792 358.31 633.441 418.341
156.022 827.98 175.428 848.54 221.36 839.586 252.46 866.621
165.633 827.395 175.991 837.009 222.539 827.332 246.973 847.034
20.6569 343.412 32.6539 336.407 27.4401 332.543 34.6501 323.714
471.037 680.983 475.738 691.121 553.513 669.251 558.22 678.401
885.096 628.09 985.463 521.494 992.212 516.146 1012.15 487.103
356.476 811.388 382.918 778.933 435.755 813.505 473.203 757.467
714.043 971.135 723.021 971.584 828.061 917.593 837.01 918.935
826.101 692.861 904.29 749.6 915.595 621.661 1012.12 680.805
253.801 963.263 267.365 973.518 344.813 969.272 361.281 980.591
387.397 914.032 388.461 900.956 477.603 910.891 481.629 896.172
589.634 749.962 591.925 728.097 671.574 697.044 672.426 685.956
416.001 914.001 440.781 886.8 516.822 892.216 520.024 880.006
242.639 298.988 243.161 327.997 258.799 301.023 259.2 287.006
213.102 344.165 235.249 330.4 226.362 311.275 252.354 288.403
177.322 389.428 191.544 378.723 196.71 363.639 208.055 351.049
144.202 428.731 167.114 422.414 182.275 398.429 202.352 385.549
104.055 434.816 111.945 437.184 123.969 416.32 133.994 415.864
54.0706 681.906 62.5429 688.278 89.6367 694.76 115.49 708.403
0.841772 423.698 25.0101 411.019 1.09348 440.124 38.1091 412.144
43.5691 356.7 54.626 377.67 55.0886 340.942 66.6127 358.6
549.164 958.183 566.056 943.062 641.268 910.221 658.488 889.404
590.183 864.143 598.542 853.423 682.773 804.864 690.768 791.458
594.751 916.712 598.271 925.896 697.152 860.999 697.284 876.998
59.1275 615.212 67.5098 610.183 99.8907 623.869 108.546 616.656
0.659972 570.021 2.23296 596.046 34.5591 580.047 36.6875 600.033
713.622 858.56 725.356 866.472 818.736 814.447 831.87 822.219
0.94997 442.871 48.2321 424.601 0.969764 456.949 68.159 417.269
390.256 766.241 410.62 744.641 469.418 758.412 487.506 733.671
3.37778 329.311 8.37778 339.311 1.12868 320.819 11.0858 327.879
223.579 964.973 224.623 987.018 315.297 990.922 318.269 1002.19
98.0879 688.961 114.77 726.659 155.773 714.152 163.803 726.132
724.604 989.572 738.072 998.896 842.817 939.287 861.498 951.22
152.384 736.717 283.644 849.415 248.112 779.847 367.758 867.331
742.27 701.244 824.662 623.712 758.945 726.934 906.308 545.249
426.055 355.322 430.744 369.087 463.228 314.353 469.559 328.202
76.0317 430.502 85.9914 431.136 96.9618 416.517 110.038 415.483
1.07903 514.209 97.3331 477.883 1.12926 543.224 126.07 471.121
1 664 1 691 45.8605 684.937 48.5033 720.963
564.332 673.193 569.083 665.048 622.401 626.338 642.02 603.017
193.688 386.494 215.877 354.887 222.928 338.967 233.21 316.636
374.958 466.048 543.956 613.089 417.781 432.295 610.698 575.408
530.847 821.828 548.348 806.266 616.556 780.778 634.619 756.692
733.123 892.69 744.335 897.159 844.263 844.502 854.15 849.715
1.1019 496.27 84.3229 464.855 0.907157 521.84 110.203 458.35
527.718 733.693 582.454 683.406 607.427 695.523 658.802 633.835
479.239 449.744 609.192 564.778 586.574 444.222 661.582 499.566
745.727 682.706 829.762 604.743 735.962 738.969 920.69 510.749
415.927 403.999 416.157 380.992 446.758 328.981 447.108 342.997
978.949 154 979.107 189.004 1007.54 1.04887 1009.76 22.0258
0.977482 522.94 102.31 484.823 1.50882 554.154 134.11 477.189
153.258 394.221 173.202 371.114 172.135 369.094 222.646 296.449
699.209 949.948 708.702 970.664 810.095 898.961 821.606 916.566
563.88 754.891 576.772 740.792 623.317 735.261 666.702 682.578
33.4221 944.606 47.4228 959.605 71.9816 948.022 164.553 1024.54
64.1045 342.11 111.224 297.235 74.9171 333.952 121.749 275.616
3.39385 696.06 7.09806 671.862 53.8806 709 53.9872 680
545.832 458.761 553.348 484.9 600.91 413.661 605.12 424.955
509.386 430.036 510.559 450.026 554.073 373.993 555.556 389.044
915.313 531.363 936.272 513.315 985.329 441.277 1012.75 408.632
1.6897 567.455 13.6051 575.579 38.6316 582.838 51.7369 588.599
1.10399 947.894 24.8226 971.181 43.4723 964.44 108.054 1018.94
430.637 377.767 433.901 386.67 460.625 323.567 471.681 339.528
0.922772 274.919 138.572 143.552 0.667285 263.719 137.062 102.052
67.2304 344.237 101.742 310.734 76.5278 336.614 119.384 286.289
604.182 848.798 607.093 837.023 696.527 783.974 697.141 773.008
321.52 259.448 331.655 270.322 333.911 194.095 344.756 204.26
333.12 270.16 340.48 264.64 347.78 204.556 354.391 195.278
340.168 263.049 343.084 253.024 353.353 194.094 355.477 186.127
0.752108 265.74 125.077 147.08 3.24972 249.211 130.402 98.4957
7.29065 283.304 140.249 156.261 8.33041 272.278 135.869 118.482
5.34163 280.357 137.754 153.743 5.66354 269.717 136.349 114.452
1.06195 158.065 81.8306 80.8228 1.60089 119.665 65.5795 43.4867
1.15309 876.285 27.9363 861.882 45.6855 934.588 78.4477 909.587
1.39797 186.414 79.4075 111.424 1.37777 154.477 82.7214 57.7657
99.4212 338.701 103.316 331.163 93.614 344.684 117.56 315.459
143.015 178.004 151.435 141.099 120.097 316.9 143.595 104.955
191.761 375.851 211.296 344.561 203.376 335.159 211.539 315.806
231.271 148.853 246.958 143.867 227.447 102.842 314.388 56.7306
42.5765 263.556 131.09 179.095 14.4846 276.566 133.711 132.308
866.72 229.993 867.28 206.982 897.441 70.0451 899.931 100.925
0.76339 101.749 52.7764 52.7626 0.311596 40.4065 25.8061 10.8329
161.236 133.723 180.177 127.542 146.809 97.5175 160.099 92.249
0.84081 87.8327 34.1377 56.1447 0.820685 22.8412 16.2883 5.36995
0.481668 97.4516 51.379 49.343 0.464863 34.5219 23.5929 8.63627
1.00128 280.001 142.435 144.454 3.87527 265.895 140.619 103.679
63.6858 495.189 94.2336 482.359 94.9926 492.988 118.081 479.135
0.918653 148.915 72.5026 80.4797 3.55377 105.622 60.0357 39.0303
190.139 124.44 256.199 103.632 161.248 91.4711 279.195 29.3711
343.794 192.427 360.188 186.521 353.945 132.889 366.342 126.682
1.02958 492.077 81.179 461.469 0.880938 515.799 106.276 453.467
104.852 61.5435 128.913 53.7328 66.8684 29.748 118.021 3.04049
266.019 148.056 297.207 137.618 249.919 103.849 324.324 63.5982
203.985 135.953 245.969 122.899 192.031 95.0579 294.814 40.6485
0.801536 92.7932 45.1926 50.2007 1.27313 28.2401 19.9691 6.97286
391.46 604.618 469.312 672.643 458.885 598.155 541.003 658.997
1.21693 500.574 80.2672 470.707 32.2452 507.42 114.28 459.479
23.3306 465.867 51.1056 455.277 12.2102 490.349 71.4087 454.678
0.870789 518.654 65.2351 494.63 1.02138 551.035 50.9091 520.85
36.7418 529.25 75.0213 516.062 66.5287 536.217 97.6835 517.474
560.201 469.168 566.258 497.946 612.253 417.378 622.335 437.336
144.593 464.365 180.584 504.476 170.548 439.474 214.549 481.424
1.06935 448.18 51.3123 428.81 0.780887 460.615 42.0736 437.129
1.03484 415.063 38.1824 393.238 1.37356 416.483 44.2367 383.306
337.303 339.943 339.685 375.017 360.304 277.964 364.645 315.042
629.846 218.189 664.042 245.948 656.605 137.59 847.047 264.93
174.359 435.609 189.429 426.728 206.626 401.442 216.546 387.385
121.77 375.656 129.434 392.806 142.549 356.72 148.649 368.669
680.267 629.299 724.11 590.123 752.466 563.547 797.902 509.917
681.234 647.281 726.475 609.57 766.117 570.09 794.868 532.898
406.26 957.989 407.24 980.99 503.892 939.912 504.987 967.114
562.243 74.9938 563.28 115.993 567.596 0.955228 570.378 37.9716
801.987 279.017 842.619 311.477 698.748 90.3764 903.515 227.229
640.516 245.597 677.396 275.512 569.024 101.964 848.549 289.181
143.824 1035.81 189.427 994.268 249.529 1025.54 276.201 999.203
582.427 373.469 655.088 431.89 619.159 309.763 753.51 400.243
374.11 514.875 514.949 639.058 386.93 460.095 585.193 606.739
243.867 575.155 269.694 597.356 272.835 553.224 490.483 713.343
440.098 491.888 499.375 543.715 495.186 457.751 565.509 510.319
285.114 685.87 368.248 758.717 225.945 595.075 453.072 761.902
266.943 620.065 326.827 672.198 322.163 614.779 398.184 670.751
395.078 452.91 429.974 483.03 433.89 417.151 514.936 476.089
132.998 461.002 188.096 519.91 158.869 438.146 227.93 500.078
300.858 637.162 329.141 661.839 334.03 610.959 410.032 666.957
441.37 240.542 595.868 365.163 533.079 251.884 596.959 295.06
305.857 629.163 414.832 726.141 465.899 685.138 492.591 704.562
533.92 183.099 784.387 384.518 680.096 191.857 726.15 222.776
900.872 537.862 989.54 455.505 972.941 446.952 1011.41 400.335
9.19523 286.204 133.944 166.942 10.9779 274.981 131.647 131.703
371.953 242.88 374.238 260.97 385.46 173.887 388.169 184.959
46.7843 961.245 65.3605 977.59 109.256 971.704 154.291 1010.66
