310 250 104 384 347 178 125 368
110 374 317 240 116 372 345 176
776 398 904 286 827 326 954 179
902 283 636 512 952 176 693 469
625 535 621 564 689 485 687 511
181 830 301 929 818 338 703 471
125 727 129 762 185 743 195 785
120 715 140 735 185 740 204 752
104 768 106 761 168 785 182 742
154 793 137 783 217 808 205 803
150 788 155 780 218 806 223 797
183 792 286 876 243 807 393 911
303 897 410 799 395 910 494 791
418 792 530 689 508 774 606 656
504 689 519 671 603 650 616 634
141 808 155 795 213 829 225 812
35 857 130 806 55 933 201 828
144 824 12 894 216 841 89 934
143 813 144 822 214 830 215 839
140 746 137 767 194 786 189 803
81 369 82 411 96 358 100 396
79 414 74 364 98 398 90 352
72 363 43 334 88 352 44 316
0 162 83 83 43 315 1 277
629 217 731 130 656 137 751 29
538 145 627 217 552 69 654 136
363 297 536 147 386 258 551 70
391 322 363 299 495 332 388 260
498 408 482 397 536 359 524 351
472 428 498 410 516 380 535 361
456 457 459 417 502 412 504 375
423 431 452 457 457 383 499 414
419 389 420 403 454 333 457 381
415 403 416 381 454 397 450 333
335 491 413 438 409 438 452 399
170 596 200 573 218 601 247 572
73 661 84 651 122 684 181 625
75 728 83 721 137 716 135 700
62 697 79 701 113 715 129 718
55 748 52 739 114 770 99 748
105 724 92 728 159 742 137 765
68 708 82 703 111 755 126 744
41 733 40 744 108 725 100 747
1037 260 934 216 1012 65 963 49
931 217 901 261 961 50 918 136
900 421 899 535 953 232 971 447
581 604 578 585 648 550 645 530
462 465 572 561 507 419 648 524
464 425 461 461 507 376 508 417
494 433 485 442 542 369 526 387
499 434 500 452 543 375 546 397
413 931 415 975 508 909 513 950
156 827 175 848 221 839 252 866
179 822 158 803 250 833 231 820
154 809 171 822 226 823 248 839
166 825 149 811 246 847 222 827
834 628 858 605 924 546 941 525
859 606 868 610 943 525 953 530
866 634 846 653 953 551 934 576
843 652 833 646 927 575 920 570
1 344 22 364 1 325 28 346
132 759 133 741 192 754 191 746
534 647 521 658 601 605 563 659
495 704 488 687 572 676 564 662
127 799 118 797 178 814 165 809
933 177 1035 222 960 13 1000 26
968 193 966 227 999 28 1001 60
239 996 238 948 334 1011 330 969
257 933 246 920 348 950 336 938
247 918 231 904 336 936 316 919
231 903 231 890 316 918 314 900
230 888 181 843 273 867 255 851
592 660 304 922 667 608 397 933
541 520 593 564 666 589 666 606
627 660 596 648 702 600 668 588
665 626 629 658 738 558 703 599
664 592 664 624 734 526 737 556
812 483 805 494 876 391 827 447
880 399 806 465 937 288 867 370
777 485 802 462 843 396 864 369
801 458 773 481 848 376 836 394
908 756 821 692 1012 684 913 624
885 628 985 521 912 622 992 517
738 518 762 497 807 437 829 411
761 491 735 515 826 406 798 439
874 202 873 240 903 58 907 117
478 698 466 713 552 670 526 708
382 778 357 810 473 757 435 813
362 773 339 797 443 771 423 799
382 759 368 773 462 752 447 772
362 795 387 765 436 807 462 765
388 773 389 796 467 766 471 788
385 798 384 778 467 789 464 771
36 530 3 542 55 548 38 557
5 546 32 536 48 557 64 546
732 981 755 997 847 929 880 947
756 992 726 972 883 945 865 931
826 692 903 749 915 621 1011 680
991 522 879 640 996 517 921 617
267 973 253 963 361 980 345 969
305 994 267 976 402 1000 361 982
415 915 307 993 489 915 404 1000
414 876 389 899 494 871 483 885
593 637 592 714 668 619 674 684
590 751 441 886 669 697 519 878
440 886 416 913 520 880 516 891
466 788 413 838 551 763 501 823
474 844 474 802 564 816 560 782
392 904 415 883 484 896 509 865
49 426 155 535 69 419 194 527
42 416 49 424 61 409 69 417
1 434 40 417 1 446 60 410
102 709 94 688 159 725 146 704
86 678 72 664 145 703 134 695
293 883 301 889 381 896 392 902
306 886 397 806 394 901 491 785
239 361 342 295 259 319 361 234
345 306 251 365 363 246 260 332
213 344 235 330 226 311 251 288
191 375 210 345 209 350 225 313
177 389 190 379 196 363 207 351
153 399 175 391 176 374 194 364
94 416 123 400 138 381 174 374
23 359 72 407 28 348 94 405
208 383 193 403 235 334 215 370
192 404 169 422 214 371 203 384
91 441 72 430 110 424 94 416
643 1036 641 784 758 991 734 741
643 782 974 994 737 742 1011 888
54 681 62 687 89 694 115 708
28 662 52 682 73 681 88 692
7 671 22 660 58 693 64 685
12 638 30 658 43 646 68 670
1 400 29 383 0 412 45 378
41 401 27 408 60 394 43 408
30 427 1 438 38 412 1 439
52 379 36 352 64 360 45 334
381 204 382 249 392 143 396 181
200 1 392 194 253 1 401 127
580 868 568 880 669 807 651 828
561 886 531 912 651 830 625 861
531 959 538 964 625 863 630 903
591 890 590 911 683 819 685 836
598 853 590 863 690 791 683 804
573 844 590 828 663 787 670 780
450 959 476 934 525 970 659 809
255 785 303 826 580 895 521 967
584 917 573 926 677 854 667 865
599 927 597 946 697 860 697 875
569 946 536 978 667 883 636 921
768 454 776 445 701 528 951 233
67 640 55 616 109 642 98 625
69 583 43 595 99 598 83 610
25 575 12 559 81 610 45 572
0 570 2 596 34 580 36 599
764 893 724 868 879 849 831 824
774 893 717 856 887 847 821 812
726 865 771 895 833 821 885 849
724 871 724 900 831 826 833 854
971 189 973 128 1002 25 1000 1
81 754 80 829 142 776 148 859
75 826 76 744 145 857 140 776
427 392 426 406 464 343 462 355
0 442 47 424 0 456 68 417
390 766 410 745 469 758 487 734
632 584 898 345 843 350 939 236
847 347 788 433 899 246 843 348
224 987 223 965 318 1002 315 991
98 688 114 726 155 714 163 725
75 516 37 529 151 492 64 542
738 998 724 989 861 951 842 939
283 849 152 736 367 867 248 779
779 661 819 621 861 595 903 543
388 451 386 353 425 397 415 302
459 412 373 337 514 374 417 302
789 1001 769 988 911 949 878 926
775 982 762 975 896 929 879 922
771 993 769 1004 890 937 891 950
770 1006 787 1016 893 951 910 960
854 587 915 532 1011 415 937 508
76 430 85 431 96 416 109 415
378 252 376 210 393 187 388 147
375 209 321 244 386 146 346 180
922 996 867 961 1012 920 993 911
852 948 868 958 979 901 993 909
929 993 856 947 1011 914 979 896
868 963 868 993 992 912 995 940
1 514 96 478 1 543 125 471
586 606 597 616 660 558 667 565
122 499 134 491 1 565 141 483
4 718 14 728 45 684 48 720
28 639 51 625 70 655 93 636
23 639 6 617 79 662 72 657
193 386 215 355 210 362 223 340
82 715 48 724 137 733 114 742
541 875 566 851 633 826 657 796
531 870 539 875 621 821 631 826
529 823 531 868 620 809 621 819
548 806 531 821 634 756 616 780
587 823 570 840 671 770 659 780
568 858 489 930 657 804 580 896
477 932 476 911 573 897 570 866
486 930 476 884 573 862 568 845
472 873 448 894 560 844 548 860
449 896 413 929 543 866 514 902
591 757 589 772 672 697 674 720
733 892 744 897 844 844 853 849
1 496 83 465 0 521 109 458
529 765 529 777 613 709 612 737
563 754 576 740 624 743 668 690
305 992 304 932 403 998 397 944
305 930 590 669 397 942 487 834
1 479 69 452 1 500 96 444
429 391 457 415 460 339 508 374
571 583 483 506 637 538 482 424
745 682 829 605 735 738 920 511
970 229 972 198 1004 60 1003 29
125 496 89 457 161 484 113 440
470 737 494 717 499 775 591 664
598 953 508 1035 699 883 598 1007
978 154 979 188 1007 1 1009 21
1 461 57 439 0 478 82 431
0 522 102 484 1 554 133 477
444 892 587 761 533 871 670 705
149 391 160 379 169 366 179 351
173 371 153 393 222 296 172 368
0 469 21 462 1 489 77 445
35 691 44 683 77 731 98 700
35 702 36 721 87 724 90 745
34 726 23 733 89 750 78 758
27 751 16 742 96 780 71 767
16 740 32 701 71 765 84 724
0 487 75 458 0 511 104 450
530 956 505 973 629 902 602 928
22 829 31 830 86 861 97 860
0 835 20 840 47 865 84 873
553 750 573 733 613 729 654 681
571 713 539 742 650 667 620 705
82 802 106 791 154 824 173 815
373 334 389 323 402 287 411 276
110 794 81 807 178 816 150 832
1 903 107 1008 71 948 164 1024
94 482 63 495 111 472 68 497
1 505 82 474 1 533 109 470
250 984 271 1001 345 988 383 1015
80 582 41 534 117 585 74 542
1 452 51 432 1 468 73 425
181 357 214 317 199 324 220 291
42 263 130 179 20 286 131 155
62 346 32 315 73 335 22 290
111 297 64 342 121 275 75 333
5 667 11 650 53 708 53 680
33 890 39 903 109 928 114 944
240 352 303 311 259 310 309 268
180 853 244 922 256 870 315 922
256 286 292 314 279 241 312 264
75 671 54 674 126 692 105 698
52 671 72 667 104 695 123 689
510 450 509 430 555 389 554 374
775 1002 786 1010 896 946 910 954
136 179 17 292 134 157 24 287
23 299 125 203 35 292 129 180
130 203 25 303 131 183 37 295
28 304 122 215 38 298 123 198
129 213 31 306 125 200 42 301
34 308 119 227 45 303 122 211
119 232 38 310 125 213 48 305
27 303 57 333 48 307 60 317
54 328 109 274 62 317 121 247
116 273 57 329 123 250 65 320
1 567 13 575 38 582 51 588
24 971 1 948 108 1018 43 964
274 472 223 418 310 434 247 379
247 389 303 451 268 344 339 409
0 265 124 147 0 263 136 102
80 421 93 419 1 424 51 386
60 31 144 5 0 125 69 44
2 613 31 609 43 626 71 619
58 333 107 286 67 322 118 263
108 289 60 336 120 264 70 325
107 308 70 346 120 288 85 331
61 340 104 298 76 336 119 286
0 219 115 109 1 194 101 74
626 657 627 609 701 598 697 553
134 132 1 260 130 95 0 246
152 136 380 189 144 99 382 124
17 6 152 134 25 1 75 41
397 951 395 997 494 934 495 971
331 270 322 260 344 204 334 194
563 904 539 925 667 836 640 870
15 298 78 238 27 288 129 169
142 144 1 279 135 119 8 272
0 274 138 143 5 269 135 115
1 256 133 129 1 240 125 93
136 490 163 517 168 479 195 503
81 827 125 804 150 857 194 825
592 561 551 525 657 508 509 390
60 442 1 465 84 433 1 482
434 415 435 401 473 364 472 350
552 822 538 833 641 773 633 783
780 576 803 557 852 480 873 457
0 237 123 121 1 217 114 83
135 189 20 298 129 174 30 291
67 767 53 762 128 788 103 778
45 751 45 734 102 777 101 757
106 103 1 204 99 71 2 187
1 228 119 115 1 205 107 80
55 435 1 456 76 427 2 471
100 327 73 351 117 315 94 344
0 247 125 128 1 229 119 89
130 127 1 250 122 90 2 233
117 122 1 232 111 80 2 210
117 112 1 223 105 76 1 199
100 368 141 179 120 316 143 105
253 133 309 113 224 100 313 53
116 263 52 325 122 240 60 314
48 323 110 264 56 312 119 238
137 168 11 288 130 147 19 281
5 280 137 153 10 274 131 131
140 156 7 282 133 132 14 276
98 622 101 634 143 622 146 635
152 547 218 505 189 539 275 467
306 1035 304 995 404 1015 403 1002
180 765 182 790 249 784 251 803
256 103 190 124 285 33 166 96
553 927 570 915 635 892 665 856
140 136 1 269 140 103 3 265
39 313 117 238 51 307 120 225
122 239 42 316 122 227 54 310
101 100 1 195 94 67 1 177
437 929 424 939 534 905 520 920
728 897 765 921 836 849 861 862
58 56 2 110 60 39 3 105
289 105 227 125 291 38 188 92
189 134 296 99 179 93 288 36
360 164 333 173 366 126 354 132
308 1017 404 929 405 1024 493 919
71 428 43 401 94 417 65 392
88 383 89 411 105 371 108 394
219 93 260 79 104 63 220 3
266 75 143 114 212 3 103 60
425 343 377 304 543 357 402 262
51 428 1 447 70 423 1 464
125 122 1 241 116 87 1 223
263 82 196 104 227 3 110 64
288 159 335 144 303 105 346 82
482 331 416 278 730 424 439 228
204 117 253 101 129 80 259 12
304 119 227 144 326 66 254 105
375 287 643 504 410 232 717 439
635 512 476 384 699 462 634 419
193 4 89 38 310 109 352 87
329 155 297 165 355 90 312 111
183 33 83 64 111 3 63 27
101 617 130 598 146 617 172 593
401 449 564 590 442 410 631 548
445 228 702 435 464 170 760 368
844 208 936 79 867 62 900 1
334 229 380 200 346 175 390 139
216 497 163 440 250 469 188 412
145 587 162 575 185 581 206 562
238 150 317 124 264 104 329 68
321 126 241 152 331 71 267 106
51 455 24 465 71 454 12 490
330 136 265 157 336 76 279 106
311 164 341 154 325 110 357 92
343 157 309 168 361 94 326 111
468 970 432 1003 566 932 532 974
26 380 1 394 39 375 1 404
65 494 1 518 50 520 1 550
416 437 576 579 455 395 641 531
823 520 858 491 893 419 923 385
377 139 390 141 338 111 364 96
560 600 505 549 628 557 563 508
737 477 672 501 803 395 739 434
30 388 1 404 44 383 1 416
38 393 1 415 54 387 1 428
339 375 337 340 364 315 360 278
336 339 310 354 358 276 331 297
309 356 310 398 331 299 335 339
173 445 223 500 200 416 256 469
445 1015 427 1028 554 977 531 1000
891 416 818 480 932 351 885 404
121 375 129 392 142 356 148 368
126 395 117 377 145 371 139 359
143 517 125 499 179 509 156 490
505 297 551 333 443 195 750 401
242 724 274 751 797 509 752 563
681 647 725 610 766 570 794 532
247 294 248 341 262 255 267 299
583 360 620 389 449 218 739 414
514 167 532 182 529 95 837 301
178 969 237 919 255 1016 313 953
513 205 760 404 508 120 815 326
99 448 82 449 117 431 97 433
549 177 794 373 569 101 848 288
687 166 653 143 715 68 670 43
334 678 402 738 633 926 552 1024
429 483 395 452 478 446 436 415
525 157 545 173 541 83 563 98
266 620 326 671 272 553 490 713
499 543 440 492 565 510 495 458
708 151 886 293 861 105 948 162
615 263 529 195 797 350 489 143
936 111 873 200 904 1 870 64
325 496 368 535 369 472 574 623
842 311 801 279 938 188 862 137
144 613 201 662 193 622 425 792
559 527 609 573 635 486 676 518
95 645 236 768 144 662 385 839
867 463 819 504 942 373 882 443
41 540 72 578 81 537 115 572
212 623 266 669 225 595 452 761
231 613 298 672 322 614 397 670
498 526 405 445 514 453 448 406
337 631 429 712 304 526 516 681
392 455 457 510 433 417 514 475
483 669 436 627 569 630 513 588
132 461 187 519 158 438 227 499
703 432 657 395 774 374 576 240
892 232 931 177 927 47 948 8
542 283 502 251 763 387 498 209
669 482 523 365 642 344 584 306
522 189 508 179 665 181 544 101
396 285 654 494 580 328 727 426
955 50 876 17 671 151 859 277
537 355 497 323 581 303 472 230
828 320 775 277 906 205 849 168
595 365 441 240 530 249 485 220
