791.934 103.007 792.726 110.927 800 98 800 89
780.024 103.189 790.976 101.811 787.034 90.2125 798.07 88.4374
795.107 94.5307 820.102 89.5063 785.958 83.7517 826.956 76.7432
792.917 101.613 810.945 97.7428 802.931 87.6208 829.159 82.8813
770.145 115.866 791.061 112.362 774.869 104.342 801.027 99.1371
765.841 126.015 893.068 105.422 775.141 111.863 897.151 91.9258
863.971 99.8422 888.078 95.4287 874.966 87.8329 896.882 83.4151
862.883 88.4274 879.986 84.9326 876.061 74.3165 897.057 70.2974
869.992 41.9697 885.981 37.9233 876.945 27.6184 895.003 25.0206
761.431 39.9834 763.101 124.998 767.989 1.00026 770.507 111.011
868 30 868 40 878.993 53.0006 879.008 28
820.619 97.9587 821.155 105.99 828.68 83.9691 829.136 93.9938
793.949 111.691 820.068 107.417 804.008 99.0478 827.992 94.9522
832.147 93.8514 855.953 89.7311 847.949 79.7488 868.902 75.5134
861.864 90.0062 862.32 100.031 870.704 76.9729 871.128 87.9951
833.016 105.096 857.019 101.116 847.085 93.4436 870.007 89.0386
830.113 50.986 832.494 70.0632 841.816 18.0029 843.031 94.9995
830.779 102.985 831.381 93.9587 832.925 5.99799 833.61 96.0142
762.943 36.7953 790.986 28.9488 770.745 23.0559 830.937 6.76792
149.894 58.8755 217.897 0.878858 153.945 42.9366 202.797 0.765405
147.624 54.5749 178.93 26.921 152.381 40.4596 195.84 0.817167
831.995 292.792 897.998 293.237 837.994 281.241 898.009 282.621
829.35 233.982 830.216 262.964 834.568 221.989 835.666 279.006
819.966 231.819 822.114 290.999 828.14 220.993 828.651 280.008
761.978 290.977 820.993 292.322 767.982 279.713 826.995 281.21
760.905 268.001 761.178 289.011 766.401 250.992 766.956 278.001
758.007 298.637 821.029 300.292 764.002 286.936 824.991 288.392
762.511 252.322 783.447 237.232 776.692 237.403 801.73 224.478
217.359 83.9844 218.229 103.99 220.516 67.9469 222.683 89.0326
222.215 80.9727 223.358 89.9545 223.924 61.9768 224.627 89.9842
202.669 56.0184 205.756 113.992 206.345 41.0399 209.808 98.0117
204.009 55.0138 219.83 44.738 207.864 39.7968 222.847 29.7714
205.441 58.2742 221.145 46.1885 209.56 42.393 224.44 31.607
232.145 42.022 233.795 99.0139 237.071 61.9941 238.916 83.923
795.117 44.5108 815.942 39.7483 803.048 31.2018 825.933 25.7194
792.163 29.9755 794.114 42.9829 801.704 18.9729 802.128 29.9951
789.879 43.996 790.276 31.9761 798.648 32.0324 799.352 17.9676
769.934 50.7349 790.177 45.7137 772.806 38.1877 797.094 32.3959
804.995 58.9674 819.127 56.8476 785.003 48.0298 824.06 44.7092
817.627 39.0358 818.373 25.9642 827.795 43.0027 827.902 10.9997
776.78 66.272 795.214 60.7074 784.906 51.5631 797.947 48.7543
776.059 67.9995 776.182 81.9984 783.747 53.0101 784.825 80.007
779.026 94.1449 819.005 87.0276 785.936 80.601 803.134 77.8322
237.942 145.004 241.159 192.989 241.583 127.041 244.43 156.056
887.084 23.9966 889.038 71.9984 896.215 21.0273 897.358 12.0455
861.066 28.2837 885.883 22.4974 873.123 14.5822 894.994 9.97013
831.184 35.7535 854.043 30.1744 846.084 22.3144 868.111 16.4158
531.474 0.978315 542.176 234.992 538.444 0.982291 547.211 220.992
526.875 140.864 539.92 224.857 532.675 126.903 546.346 221.95
494.984 138.241 524.982 140.273 500.981 124.275 530.974 126.367
495.876 44.943 501.02 123.999 502.556 34.972 506.442 111.978
819.115 225.108 851.099 229.229 841.255 214.053 876.146 223.46
785.807 232.084 817.855 225.313 788.798 221.116 819.78 214.037
759.659 246.362 783.737 233.508 765.603 234.267 787.634 222.325
756.467 268.023 758.202 309.034 757.108 252.018 757.34 303.995
738.289 302.574 750.844 318.126 743.696 289.249 755.855 304.119
731.023 228.108 738.818 300.997 737.011 222.115 744.635 287.926
731.847 209 731.87 227 737.934 196 737.995 221
732.443 131.016 733.26 208.057 739.14 118.018 739.658 195.143
723.135 26.162 741.256 122.952 731.084 15.1663 748.292 109.947
212.328 152.055 215.055 185.078 216.991 137 220.366 172.222
214.019 151.047 226.061 146.151 217.978 135.942 230.697 131.19
226.784 150.985 227.4 182.025 230.08 133.054 232.255 170.044
212.989 194.33 249.012 193.738 236.994 179.621 279.1 180.489
274.603 215.024 275.818 184.993 278.888 182.006 279.875 202.006
282.439 218.816 434.864 136.748 291.949 201.905 440.635 122.317
142.934 226.864 211.797 193.58 131.043 220.088 205.062 184.127
243.381 169.959 244.042 193 246.673 158.04 247.898 168.013
227.549 39.4122 235.968 32.958 231.747 23.6245 241.185 17.2754
227.824 41.0101 231.168 99.0479 231.726 25.0155 235.02 82.9988
345.919 166.772 359.973 168.254 350.936 152.643 367.965 154.347
361.261 168.51 395.094 151.184 369.163 153.305 400.356 136.668
394.1 114.994 396.246 149.985 396.993 67.9361 401.306 134.98
388.734 56.8007 396.935 87.0175 389.9 49.7 395.6 66.8
380.468 60.676 388.676 72.532 379.593 41.3291 388.121 48.8627
342.137 103.817 348.071 75.8032 346.081 86.7067 355.601 56.8726
341.421 105.034 344.909 165.005 346.445 88.0248 349.3 151.987
338.333 104.037 341.771 166.013 343.326 87.0297 346.148 151.038
345.564 76.7451 356.216 58.5413 351.399 59.6185 362.251 42.5242
360.779 59.5255 369.702 55.3613 363.726 42.3773 375.62 37.1372
365 49 375.109 51.5731 370.974 34.083 381.231 37.2532
354.76 52.1515 363.878 49.568 360.939 36.7366 369.916 34.6417
341.195 71.4581 353.271 53.5098 347.355 53.5049 359.533 37.6413
334.137 103.814 340.588 73.9111 339.072 84.7548 346.687 55.9173
334.597 105.017 337.742 181.011 339.44 85.9847 342.27 167.955
308.364 131.031 310.833 181.008 313.792 139.013 314.518 151.029
141.088 293.664 154.233 297.111 143.138 277.518 163.212 283.259
148.135 302.425 159.954 305.194 155.059 287.677 165.883 289.645
831.702 91.9954 831.965 74.9995 838.865 40.9936 839.064 67.9995
181.319 72.9809 184.375 124.037 184.749 53.9534 188.18 109.051
186.097 70.8344 186.795 123.014 189.182 56.0197 190.772 109.017
187.906 69.8658 196.564 63.8054 191.021 55.0289 199.735 48.6387
166.56 97.9717 168.327 132.984 172.097 94.8344 172.11 117.999
162.749 86.0161 165.761 133.015 166.498 70.0296 169.386 119.036
162.9 84.866 174.916 75.8872 167.891 68.8689 176.645 61.5738
207.892 59.843 219.108 52.157 211.858 44.7879 222.68 37.5228
220.805 52.9873 221.089 70.9986 223.969 39.0023 225.293 56.9784
208.284 78.66 218.656 74.1994 213.154 64.2526 223.846 57.7474
171.772 169.01 173.68 209.031 175.029 154.998 178.295 195.057
220.701 110.477 242.129 98.2257 208.962 101.932 219.896 95.8145
191.296 159.973 192.704 200.027 195.091 145.028 196.744 186.992
185.81 74.7071 194.878 68.8125 190.97 58.9531 198.878 53.8125
196.839 69.9559 199.099 112.995 200.209 54.987 203.007 99.9995
751.885 134.269 895.949 111.673 757.089 121.585 898.023 100.15
137.224 244.393 181.963 218.935 76.2485 267.435 190.528 202.173
71.1652 289.29 189.054 222.094 81.3679 271.641 192.804 207.659
189.986 220.455 281.002 218.088 203.011 205.516 279.998 203.895
771.989 282.527 820.988 283.553 778.981 270.656 826.998 272.064
775.001 279.878 818.006 280.247 780.003 267.857 827 268.983
278.136 185.994 279.249 211.033 282.669 170.979 283.448 196.017
280.976 183.934 282.802 210.946 286.195 167.987 286.704 198.027
284.232 185.985 285.628 208.024 288.449 170.035 289.887 193.007
287.174 208.324 316.354 192.659 291.163 194.313 320.11 179.211
287.982 181.168 303.026 182.752 290.056 167.082 308.05 168.187
830.993 284.146 869.007 283.854 837.001 272.584 898.001 272.707
73.838 1.01198 90.47 225.965 78.3532 0.973504 94.1087 210.992
80.4341 172.971 84.1749 228.056 84.2389 158.982 88.2729 213.054
767.837 54.006 770.038 113.999 776.248 75.994 776.899 102.978
774.87 52.8252 776.725 62.0553 774.928 73.0503 776.609 42.033
839.541 72.9508 840.459 83.0492 848.178 79.0003 848.199 65.0003
150.41 172.966 153.974 216.002 154.367 157.973 157.576 202.031
155.198 217.419 166.124 212.262 159.129 203.247 172.222 196.427
153.677 68.9508 156.298 104.978 161.711 50.0198 171.661 195.023
1.03491 466.232 269.134 425.892 1.10566 450.73 271.093 411.64
270.036 424.216 279.117 422.703 272.045 410.249 286.124 407.681
274.887 400.715 281.072 419.977 280.835 385.709 287.815 405.716
263.403 387.674 273.217 399.825 273.499 377.598 279.285 384.77
420.886 107.003 421.771 136.977 425.79 60.9902 426.951 123.974
414.456 71.0231 417.295 138.03 419.519 58.0203 422.304 124.029
184.766 126.535 198.748 119.498 168.503 122.856 180.045 116.076
501.023 283.971 526.922 305.095 504.298 267.651 531.252 290.705
464.015 283.644 493.005 284.895 478.018 267.286 492.025 266.4
427 135 436 135 429.996 120.1 497.028 122.259
423.646 96.0186 425.638 134.019 428.555 58.0136 430.414 119.018
752.074 137.485 898.017 115.108 760.098 124.655 898.009 104.063
499.783 128.073 536.133 119.568 506.939 113.728 541.966 105.849
844 272.988 896.992 271.679 848.998 261.078 898 260.962
787.762 259.353 819.829 247.535 798.738 245.215 826.933 235.801
201.993 158.909 205.211 194.072 206.184 145.989 207.93 182.008
749.001 211.905 770.011 212.178 738.978 201.718 775.985 198.811
842.024 245.708 857.006 246.92 850.065 233.599 864.994 236.036
841.591 246.975 842.662 272.014 847.924 256.999 848.163 234.991
234.031 140.998 236.566 193.024 237.878 127.008 241.122 173.992
242.818 103.997 243 135 247.108 119.982 247.299 85.9849
1.13539 521.761 188.088 488.497 1.12348 506.702 228.135 466.767
1.00582 390.055 186.044 370.413 1.06349 374.63 221.047 352.463
539.988 278.172 589.026 281.625 576.855 268.744 600.14 273.28
592.363 321.036 595.155 293.01 597.836 309.092 599.271 296.03
582.051 319.82 590.907 322.329 580.971 306.156 596.007 308.964
218.977 402.706 266.038 400.808 0.947823 413.547 256.891 384.053
317.689 328.921 327.128 291.778 325.059 317.018 333.234 277.059
289.972 286.741 322.028 288.735 296.069 271.318 330.025 274.757
261.335 331.651 287.311 282.163 273.462 313.725 294.444 272.715
274.956 328.355 307.937 326.085 280.98 313.682 312.982 311.714
312.1 330.771 322.516 289.877 318.439 313.115 328.152 276.04
329.055 290.816 338.138 293.541 332.864 276.421 344.285 280.122
336.662 346.019 338.093 295.003 342.74 331.015 343.73 281.995
455.043 284.958 473.464 303.54 458.426 269.56 474.178 284.817
451.315 284.619 467.963 303.034 456.494 270.439 481.653 299.433
473.701 304.618 485.701 326.618 481.352 300.842 488.318 316.307
483.241 308.878 493.769 329.61 480.713 292.665 490.603 313.717
49.0064 243.324 81.0271 242.296 61.0113 228.225 91.0362 226.722
208.803 150.535 224.033 144.077 212.739 135.323 230.756 128.369
208.729 152.019 211.555 192.962 212.62 136.96 215.329 178.979
703.158 372.825 746.114 364.597 708.038 360.257 750.03 353.18
703.975 368.878 742.986 360.93 708.951 356.725 751.839 349.093
168.748 166.325 181.795 161.45 172.722 151.217 184.069 147.194
168.096 167.993 171.361 211.048 171.804 153.015 175.042 195.074
376.998 371.341 411.003 371.542 381.985 356.848 417.009 357.46
246.036 358.657 360.926 370.701 251.912 343.781 374.053 357.529
119.989 170.193 148.011 169.807 123 157.94 152.006 158.127
147.701 191.025 148.299 173.975 151.985 177.002 152.016 160
121.992 192.151 145.999 191.929 126.985 177.44 149.995 176.81
121.979 195.742 148.021 195.462 125.993 180.937 153.006 181.139
148.537 196.974 149.7 220.966 152.668 182.995 152.845 205.993
186.965 161.003 189.786 200.015 190.901 145.006 193.301 184.982
734.92 205.013 897.988 191.849 740.959 192.457 897.97 180.604
221.323 113.595 240.96 102.927 227.941 96.8781 245.657 88.2931
73.046 200.996 75.6017 231.034 76.682 185.03 79.5942 216.038
116.014 87.6931 146.042 89.0893 118.031 72.3822 149.003 73.932
116 91 145.004 91.9773 118.001 75.8824 149.028 76.2592
114.056 88.0607 116.882 132.008 117.561 77.0304 120.672 122.023
116.966 133.757 144.956 134.998 122.007 122.759 150.012 123.587
145.558 92.9585 150.113 137.317 149.608 77.9628 152.299 121.982
538.012 124.745 582.027 126.336 544.013 110.812 586.026 113.61
712.783 284.462 726.921 305.054 720.155 272.899 729.245 286.84
687.205 277.205 711.16 283.381 692.048 265.597 702.026 266.776
681.818 284.812 686.222 303.949 690.452 267.125 696.396 293.138
692.035 304.901 731.965 319.099 698.125 292.655 737.984 307.043
682.7 279.124 689.584 295.758 684.923 266.717 692.71 292.089
765.849 38.8413 768.151 51.1587 771.824 71.0094 772.176 39.9906
117.971 127.519 143.003 128.941 120.979 112.524 148.015 113.619
111.961 55.3973 148.005 58.9481 110.987 40.1782 150.072 43.0135
109.333 23.9742 111.583 53.0323 112.851 1.00794 114.769 36.959
198.027 377.57 229.031 379.496 201.981 363.538 242.034 364.509
181.8 384.456 196.957 378.883 184.667 371.108 201.006 365.016
75.9975 300.872 154.937 300.609 0.979446 289.489 159.996 284.327
182.986 217.422 273.005 215.194 203.006 202.285 277.996 200.821
587.988 125.953 590.71 183.014 593.941 111.964 596.158 169.994
524.509 306.427 544.129 323.855 532.546 294.419 555.774 316.241
522.847 308.156 547.626 332.382 530.869 296.133 554.059 318.94
518.985 345.936 546.17 339.748 556.036 325.18 567.964 322.82
752.021 0.999191 756.76 123.009 760.958 0.976107 763.677 110.008
832.746 245.981 833.336 268.991 838.729 235.959 839.902 256.95
50.975 246.678 87.9843 243.799 55.9799 231.677 88.9763 229.62
561.511 352.073 563.441 365.083 567.978 340.003 569.568 352.057
153.343 314.286 177.294 369.307 158.879 298.053 183.509 354.215
151.023 314.991 171.366 363.848 156.876 300.053 180.629 355.16
487.822 298.575 517.738 307.846 497.982 285.059 520.092 290.747
705.733 346.866 708.509 362.09 711.376 334.937 713.706 348.882
701.656 348.028 702.727 361.022 707.161 338.144 709.215 350.134
657.075 231.997 658.313 266.989 662.69 221.99 663.152 254.998
629 269.06 658.006 268.873 628.996 255.887 662 256.054
622.771 268.006 623.66 239.926 628 254 628 221
592.985 271.403 616.995 270.804 579.001 258.109 628.005 257.78
659.973 282.663 678.016 281.192 656.948 271.568 683.916 268.306
478.016 394.111 530.914 386.409 483.055 380.404 537.006 373.043
473.584 378.061 475.633 392.054 479.695 364.035 481.441 379.065
474.901 376.323 529.889 368.244 480.976 362.83 534.874 355.119
532.231 374 532.231 386 536.325 356.917 539.144 367.963
139.464 10.9645 142.979 56.9251 143.44 0.972709 145.259 41.0281
553.998 267.875 620.994 266.684 555.998 254.903 626.995 253.68
485.855 276.072 530.846 269.018 493.912 261.093 554.923 255.206
660.045 309.27 668.964 307.784 651.002 301.045 660.981 300.592
636.863 287.039 643.763 311.068 643.132 273.964 650.325 299.91
515.002 108.975 529.069 110.231 507.83 90.3113 520.78 87.1094
448.912 306.29 467.005 304.036 454.937 292.529 472.034 290.253
199.957 334.802 215.964 335.665 206.995 320.676 221.994 320.783
95.0141 239.014 107.607 226.616 98.8684 224.828 109.044 217.057
184.845 129.7 201.141 121.273 189.181 115.313 205.496 105.856
681.989 275.178 701.999 274.918 683 262.892 714.003 262.795
703.429 271.452 724.838 288.207 715.01 262.987 741.568 285.627
596.187 322.016 598.758 281.981 601.291 310.041 604.419 288.06
583.54 331.762 595.3 323.423 592.431 317.558 600.342 311.442
560.984 337.393 580.991 338.225 555.946 315.321 577.026 318.841
843 270 897 270 850 258 892 258
111.989 53.1776 131.999 52.9178 116.001 36.9868 141.987 38.2718
110.993 32.0841 136.983 34.2102 114.954 16.697 139.977 18.3523
710.058 361.349 736.165 356.985 714.965 348.732 744.977 344.824
377.605 42.5613 387.23 55.8329 385.45 29.7404 394.618 45.6437
734.414 343.938 736.075 354.989 740.607 331.93 741.987 343.886
707.87 347.109 732.922 343.467 713.965 334.748 738.898 331.271
242.989 341.087 274.118 345.083 272.098 327.107 344.002 334.984
339.574 347.019 341.406 292.014 345.435 334.016 347.529 277.019
285.98 281.185 330.108 286.012 304.162 267.103 345.093 274.486
50.9587 498.619 148.163 483.973 60.0238 483.189 154.068 468.423
49.7288 475.012 50.7071 497.013 58.2503 459.052 59.8374 482.011
62.0522 469.348 142.883 457.223 59.6889 457.378 149.937 441.588
147.344 461.965 149.387 481.96 155.521 443.981 156.304 465.989
172.274 317.63 210.857 362.124 178.523 302.409 213.683 343.415
304.128 279.096 363.082 287.423 291.049 262.78 368.964 273.252
367.869 289.123 391.931 285.536 378.962 273.639 427.937 268.411
361.964 289.005 370.898 353.876 368.648 281.05 376.812 338.027
577.105 277.377 597.043 280.743 567.125 262.135 603.096 267.337
444.087 347.929 561.089 336.953 574.116 325.849 604.95 321.634
602.938 331.544 629.057 334.497 608.989 319.126 631.981 321.205
603.974 320.63 616.979 319.702 611.987 307.152 630.03 308.639
322.056 275.738 368.083 285.611 330.923 262.37 366.066 269.683
639.024 348.454 679.96 346.261 635.985 334.588 662.993 335.268
374.105 284.641 412.114 280.013 378.059 270.469 417.017 266.228
327.026 274.654 372.876 283.538 353.834 263.69 376.939 269.255
664.179 142.971 668.943 171.006 669.64 129.84 675.64 153.84
113.014 28.7446 139.99 30.1842 114.951 12.6654 143.021 14.7119
716.21 253.01 717.289 230.014 720.961 223.002 721.896 243.005
721.387 281.929 722.243 253.009 723.713 261.009 723.921 244.011
707.012 206.018 708.194 270.996 715.968 197 716.772 259.997
770.818 250.028 773.708 269.044 771.462 251.981 772.221 269.991
704.178 1.0267 708.335 129.022 715.006 102 715.517 117.983
674.012 130.113 708.989 130.429 684.02 115.725 713.013 117.818
649.87 135.541 672.742 129.087 660.924 119.434 682.933 116.498
580.093 363.671 588.023 365.918 587.942 351.187 599.105 354.661
691.988 340.711 700.003 340.844 697.006 329.073 713.065 327.845
691.007 337.058 706.904 335.188 690.926 325.267 712.902 323.034
55.1684 475.066 56.6795 494.026 63.394 459.962 65.0463 476.996
191.973 368.215 216.037 366.261 198.744 361.268 218 359
736.056 200.72 763.049 198.629 747.003 185.971 768.016 187.821
617.021 218.579 668.999 217.847 619 206.002 676.994 204.71
658.977 268.219 701.929 272.681 664.948 255.734 685.983 257.237
577.562 41.9797 580.103 122.996 583.506 25.0145 585.947 108.002
707.481 133.97 710.082 176.057 712.732 118.744 716.972 188.962
545.015 202.719 708.998 201.743 670 189.154 715 189.02
617.549 277.9 626.282 325.949 623.663 267.066 631.115 304.977
628.717 286.062 640.554 340.098 637.714 290.073 647.891 329.042
104.692 469.008 105.067 484.023 112.2 453.039 112.927 468.004
668.125 383.667 719.996 373.979 727.038 362.178 773.157 351.503
311.653 91.7832 316.335 105.889 314.734 74.7173 321.672 92.7412
318.724 130.976 319.121 142.996 322.343 112.971 323.685 129.026
792.898 28.6236 886.106 3.39319 832.877 6.55575 855.784 0.217969
791.034 238.129 817.776 231.141 802.935 224.74 824.813 219.255
206.588 60.0203 209.099 110.995 212.594 69.9668 213.11 95.9992
795.039 58.2608 818.859 54.0428 801.765 45.0588 826.974 39.862
830.057 297.744 849.963 302.165 834.875 284.397 846.029 287.907
487.594 26.751 494.7 43.7064 494.948 13.6844 501.643 33.7858
481.373 0.718428 495.583 19.5605 485.218 2.82178 493.327 12.7327
751.362 260.635 758.685 247.82 756.323 250.633 764.434 235.693
436.027 136.577 486.016 139.739 442 123 452 123
371.119 55.7445 379.221 59.5255 369.993 41.867 377.973 41.468
349.485 74.6522 359.571 59.7102 356.681 54.688 368.553 42.5623
339.315 102.868 344.127 77.8322 344.269 85.8318 350.031 60.7772
23.8865 287.633 62.8875 294.627 41.8627 275.893 65.9089 279.592
64 293 73 293 67.1354 278.666 94.8055 273.043
89.9769 288.31 140.071 292.043 96.0389 273.436 142.027 276.611
146.976 306.078 159.984 310.052 153.733 289.471 162.69 294.547
319.578 149.952 321.155 171.99 323.912 137.011 325.253 147.969
316 150 316 159 319.783 137.015 320.553 148.031
341.125 38.239 412.824 0.664228 341.777 25.5744 389.694 0.417652
288.633 190.218 301.98 183.957 295.004 171.121 307.024 170.724
63.2058 75.9852 65.1495 102.989 73.007 53.0893 82.8146 158.036
68.8468 13.9429 72.0878 61.9941 72.3301 0.976713 75.7893 50.0149
158.728 63.6655 235.896 0.871707 162.584 48.4909 220.882 0.855546
415.174 68.7916 423.246 36.8097 429.107 56.7798 436.251 27.8153
424.757 35.8651 439.814 13.8496 437.44 26.6368 449.218 8.49257
321.399 36.7142 381.929 2.87234 333.044 17.083 357.903 3.81879
237.083 33.0307 249.086 0.661174 242.235 16.0723 246.879 0.962832
776.316 269.399 786.969 260.961 784.757 254.608 797.731 246.567
858.274 246.094 894.025 256.916 866.278 235.069 898.129 244.567
58.7576 56.01 59.5024 74.0206 61.7576 40.01 62.5024 58.0206
58.4336 29.9684 60.2551 54.9814 61.8128 12.9542 63.2812 38.9841
53.3087 7.08314 55.8269 28.0208 57.3333 0.950551 59.1398 13.1276
189.193 488.76 279.234 465.921 233.233 465.768 289.235 448.774
220.724 368.536 262.227 387.534 222.326 350.44 271.264 374.471
868.815 215.459 898.265 227.342 875.681 203.822 898.172 212.556
868.948 204.374 897.997 201.964 828.043 195.528 873.986 191.831
561.306 321.201 570.156 324.593 555.994 308.525 570.003 308.675
537.921 315.873 559.021 317.771 544.832 302.561 554.19 305.368
24.1531 259.262 45.0447 247.077 30.7155 242.46 59.5977 227.237
233.015 435.086 269.159 428.936 243.146 410.797 264.173 406.947
375.995 389.931 414.011 387.146 381.016 375.295 420.008 373.149
249.945 356.02 281.957 354.226 253.003 340.751 279.999 341.106
388.959 382.703 412.017 381.772 396.003 369.032 417.025 367.308
388.934 380.514 413.034 377.251 396.935 366.591 418.04 363.255
3.05104 298.344 15.0829 296.559 1.02251 284.121 41.909 276.511
647.969 278.784 675.963 274.743 656.079 265.564 681.862 261.541
538.971 120.262 578.916 124.75 548.944 107.632 587.843 109.373
25.1326 262.232 50 248 31.1852 246.325 54.9008 232.826
640.792 287.318 651 294 646.712 274.448 660.712 283.448
1.15189 547.802 173.044 515.234 1.03824 531.229 50.9809 522.886
353.993 25.9869 367.87 18.751 359.304 9.85304 369.696 6.14696
330.818 34.6786 344.839 26.7164 335.596 19.2408 356.94 7.88777
371.996 429.041 385.974 430.289 378.986 415.182 392.978 416.282
367.971 419.714 491.033 407.328 375 404 390 404
302.762 451.386 311.516 456.785 308.545 436.708 316.48 441.809
65.711 15.9514 67.2164 37.9852 68.8382 1.93761 70.2592 32.0281
354.149 28.2834 381.057 14.108 353.094 16.1882 369.094 8.18824
321.308 471.187 325.864 488.037 327.157 456.961 331.14 473.211
323.843 469.713 326.29 476.901 330.687 458.08 334.25 471.936
842.987 280.793 869.013 281.207 864 269 898 269
710.155 506.565 726.055 502.201 714.157 493.702 730.985 489.933
681.874 498.501 703.982 504.072 687.996 486.016 712.912 492.345
1.1242 532.666 197.02 496.106 2.15635 516.87 198.12 481.668
780.011 205.185 861.97 200.478 827.98 190.476 881.979 188.435
81.0765 410.743 262.979 393.435 157.009 378.885 174.979 380.272
271.991 279.943 285.967 277.785 275.054 266.322 289.966 263.8
854.032 425.748 878.023 428.823 848.022 414.656 883.006 416.903
746.999 413.006 836.9 427.615 789.936 407.401 846.93 416.44
494.948 277.233 576.006 276.717 516.002 261.812 566.007 262.423
487.137 278.525 500.205 282.288 498.984 263.746 514.983 262.727
603.175 335.665 618.61 343.746 606.426 321.206 619.798 328.377
762 406 896.078 427.511 782.06 396.639 898.033 415.803
605.991 469.034 726.98 501.077 607.099 455.577 731.973 488.11
61.9936 531.968 186.075 507.379 46.8075 516.085 187.875 486.404
1.04377 542.238 25.1483 537.807 0.949549 526.725 46.0941 518.353
320.254 431.839 325.301 439.809 328.633 419.731 334.581 433.753
851.016 187.592 890.97 186.21 877.024 174.754 897.004 174.122
823.022 179.293 840.998 177.969 825.976 167.675 848.005 166.066
188.008 507.035 263.043 490.191 202.24 481.942 289.206 459.81
832.99 154.6 842.004 154.75 830.946 141.655 842.947 142.644
183.244 519.938 287.23 492.885 242.223 491.809 296.259 476.942
274.006 549.024 298.805 543.174 184.261 540.916 293.262 509.922
1.04665 595.215 165.127 559.584 1.07337 579.347 183.186 540.882
873.069 185.397 883.114 183.662 880.013 173.181 890.033 172.452
146.214 524.89 283.23 491.955 86.1407 512.693 270.073 475.361
1.18112 553.952 182.103 519.543 1.05046 538.277 164.111 508.611
93.9742 446.862 107.077 444.414 100.037 431.237 115.135 428.861
84.6889 442.622 92.6889 446.622 90.4656 424.805 98.7832 430.327
863.02 165.524 892.016 164.408 886.031 152.279 898.104 150.928
159.131 320.941 180.216 367.903 166.63 309.168 185.344 350.298
757.975 371.858 781.938 367.649 751.195 363.711 780.204 355.745
858.975 412.182 872.007 413.951 852.982 401.454 873.989 402.272
849.936 158.643 866.965 160.347 870.968 143.57 881.061 142.823
1.03033 551.162 145.036 524.191 1.09589 535.529 163.03 506.166
697.763 344.432 739.928 336.581 714.034 329.225 748.028 325.741
27.9294 408.528 54.9244 404.494 33.8984 392.082 59.0333 389.301
1.11196 417.516 21.0419 413.193 1.01953 401.291 18.0102 400.151
827.991 163.927 853.978 160.817 829.009 152.085 850.971 149.726
495.517 285.291 524.449 306.384 500.551 271.209 516.01 281.985
528.03 413.12 582.817 399.275 561.207 392.816 580.949 387.799
0.969169 528.82 47.9615 520.775 1.00783 513.053 22.9734 509.819
0.986506 393.863 46.0431 389.439 0.985446 378.852 49.0126 374.128
820.04 207.495 866.977 203.712 832.019 198.238 858.91 196.459
597.194 474.277 681.748 496.941 601.096 460.653 669.808 479.692
