242 98 221 110 313 73 302 70
790 101 780 103 798 88 787 90
879 84 863 88 829 82 803 87
770 115 790 112 774 104 800 99
893 105 766 125 897 91 775 111
887 23 889 71 896 24 897 68
763 124 761 40 770 111 767 1
863 99 887 95 804 99 827 95
858 99 857 89 871 87 870 77
830 50 832 69 832 5 833 95
790 28 763 36 830 6 771 22
217 0 150 58 202 0 154 42
147 54 178 27 152 40 195 1
831 292 897 293 837 281 897 282
829 233 830 261 834 221 835 278
822 290 819 232 828 280 828 221
761 290 820 292 767 279 826 281
760 268 761 288 766 250 766 277
821 300 758 298 824 288 764 286
789 238 772 248 801 224 776 237
817 231 791 237 824 219 803 224
218 103 217 84 222 89 220 68
202 56 205 113 206 41 209 97
219 44 204 54 222 29 207 39
206 57 221 46 209 42 224 31
209 110 206 60 211 67 210 44
233 99 232 42 238 83 237 62
792 29 794 42 801 18 802 29
789 43 790 32 798 32 799 18
769 50 789 45 772 38 796 32
776 81 776 68 784 80 783 53
896 300 851 300 897 288 847 288
531 0 542 234 538 0 547 220
539 224 527 141 546 221 532 126
524 140 495 138 530 126 501 124
501 123 495 45 506 111 502 35
851 229 819 225 840 214 821 213
817 225 786 231 819 214 789 220
783 233 759 246 787 222 765 234
758 247 751 259 764 235 756 249
751 292 752 315 757 252 757 303
750 318 738 303 755 304 743 289
738 300 731 228 744 287 737 222
731 227 731 210 737 221 737 197
733 208 732 131 739 195 739 118
741 122 723 26 748 109 731 15
215 185 212 152 220 172 217 137
214 151 225 146 217 135 230 131
226 150 227 181 230 133 232 169
249 193 213 194 279 180 237 179
434 136 282 218 440 122 292 201
211 193 143 226 205 184 131 219
243 169 244 192 246 158 247 167
235 32 228 39 241 17 232 23
227 41 231 98 231 25 235 82
361 168 395 151 369 153 400 136
396 149 394 115 401 134 397 68
348 75 342 103 355 56 346 86
341 105 344 164 346 88 349 151
341 166 338 104 346 151 343 87
339 102 344 78 344 85 349 61
345 76 356 58 351 59 362 42
357 57 368 52 363 42 374 37
363 49 355 52 369 34 361 36
359 59 349 74 359 37 347 52
340 73 334 103 346 55 339 83
334 105 337 180 339 85 342 167
310 181 308 131 314 151 313 139
89 288 139 292 96 273 141 276
141 293 153 296 143 277 162 283
148 302 159 305 155 287 165 289
831 74 831 90 838 40 839 67
36 0 45 134 41 0 49 117
181 72 184 123 184 53 188 108
186 123 186 71 190 109 189 56
168 132 166 98 172 117 172 94
162 86 165 132 166 70 169 118
174 75 163 84 176 61 168 68
207 59 218 52 211 44 222 37
220 52 221 70 223 39 225 56
173 209 171 169 178 195 175 155
321 171 319 150 325 147 323 137
192 200 191 160 196 186 195 146
315 130 314 142 318 114 319 128
196 69 199 112 200 54 203 99
895 111 752 134 898 100 757 121
241 192 237 145 245 177 243 157
71 282 132 247 76 267 190 202
189 222 71 288 192 207 81 271
281 218 190 220 279 203 203 205
820 283 772 282 826 272 779 270
775 279 817 280 780 267 826 268
341 38 411 1 341 25 389 0
278 185 279 210 282 170 283 195
282 210 280 184 286 198 286 168
284 185 285 207 288 170 289 192
287 208 316 192 291 194 319 179
287 181 302 182 290 167 308 168
898 284 870 284 898 272 838 272
73 1 90 225 78 0 94 210
84 228 80 173 88 213 84 159
75 143 69 69 82 158 73 53
72 61 68 14 75 50 72 1
767 54 770 113 776 75 776 101
840 83 839 73 848 79 848 66
150 172 153 215 154 157 157 201
155 217 166 212 159 203 171 196
167 211 158 65 171 195 161 50
158 63 235 1 162 48 220 1
269 425 1 466 271 411 1 450
274 400 281 419 280 385 287 405
81 410 262 393 210 382 271 379
421 63 431 34 425 59 434 25
421 136 420 107 426 123 425 61
414 71 417 137 419 58 422 123
423 36 415 67 428 22 420 54
175 131 165 136 179 116 168 122
526 305 501 284 531 290 504 267
486 280 456 281 492 266 478 267
423 96 425 133 428 58 430 118
752 137 897 115 760 124 897 104
381 2 321 36 357 3 333 16
249 0 237 32 246 0 242 15
499 128 535 119 506 113 541 106
758 309 756 268 764 303 763 288
761 300 803 302 796 294 827 295
843 272 896 271 848 261 897 260
787 259 819 247 798 245 826 236
776 269 786 261 784 254 797 246
201 158 205 193 206 145 207 181
747 212 734 213 775 198 739 201
793 111 819 107 769 19 842 0
858 246 893 256 866 235 897 244
842 245 856 246 850 233 864 236
234 140 236 192 237 127 241 173
242 103 242 134 247 85 247 118
65 102 63 76 68 80 66 61
59 74 58 56 62 58 61 40
55 28 53 7 59 13 57 1
220 368 261 387 222 350 270 374
1 390 185 370 1 374 220 352
868 215 897 227 875 203 898 212
866 203 820 207 873 191 828 195
897 201 869 204 898 191 876 192
539 278 588 281 546 265 575 266
595 293 592 320 599 296 597 308
590 322 582 319 596 308 581 306
570 324 561 321 570 308 556 308
216 402 1 429 256 384 1 413
317 328 327 292 325 317 333 277
289 286 321 288 296 271 329 274
267 330 286 290 273 313 294 272
307 326 275 328 312 311 281 313
322 289 312 330 328 276 318 312
329 290 337 293 332 276 344 280
338 295 336 345 343 281 342 330
467 303 451 285 481 299 456 270
473 304 485 326 480 292 490 313
24 259 44 247 30 242 59 227
49 243 80 242 61 228 90 226
60 1 65 64 65 0 70 79
224 144 209 150 230 128 213 135
208 152 211 192 212 136 215 178
746 364 703 372 750 353 708 360
703 368 742 361 708 356 751 349
181 161 169 166 184 147 172 151
168 167 171 210 171 153 175 194
376 371 410 371 381 356 416 357
414 387 376 389 420 373 381 375
360 370 246 358 374 357 252 343
249 356 281 354 253 340 279 341
135 173 121 172 152 158 123 157
147 191 148 174 151 177 152 160
121 192 145 191 126 177 149 176
148 195 122 195 153 181 126 180
149 220 148 196 152 205 152 183
186 161 189 199 190 145 193 184
734 205 897 191 740 192 897 180
221 113 240 103 227 96 245 88
75 231 73 201 79 216 76 185
388 380 412 377 396 366 417 363
15 294 36 292 1 284 41 276
145 91 116 91 149 76 118 75
116 132 114 88 120 122 117 77
147 138 118 137 150 123 122 122
145 92 150 136 149 77 152 121
582 126 538 124 586 113 544 110
712 284 726 304 720 272 728 286
687 277 710 283 703 266 719 272
689 295 682 279 696 293 690 267
731 319 692 305 737 307 698 292
686 303 681 285 692 292 685 267
675 274 648 278 681 261 656 265
143 128 118 127 148 113 121 112
116 133 144 134 128 120 148 119
148 58 112 55 150 43 111 40
111 53 109 24 114 36 112 1
198 377 228 379 201 363 241 364
181 384 196 378 184 371 200 365
74 301 1 304 159 284 1 289
182 217 272 215 203 202 277 200
587 125 590 182 593 111 596 169
524 306 543 323 532 294 555 315
547 332 523 308 554 318 531 296
444 347 560 337 556 325 567 322
752 0 756 122 760 0 763 109
832 245 833 268 838 235 839 256
87 243 51 246 88 229 56 231
50 248 25 261 54 232 31 246
153 314 177 369 158 298 183 353
171 363 151 315 180 355 156 300
493 297 515 304 497 285 519 290
705 346 708 361 711 334 713 348
702 361 701 348 709 350 707 338
657 231 658 266 662 221 663 254
658 268 629 269 661 256 628 255
622 268 623 240 628 254 628 221
616 270 593 271 628 257 579 258
530 386 478 394 537 373 483 380
475 392 473 378 481 379 479 364
474 376 529 368 480 362 534 355
532 374 532 386 536 356 539 367
1 521 187 488 271 479 52 523
139 10 142 56 143 0 145 40
553 267 620 266 555 254 626 253
485 276 530 269 493 261 554 255
643 311 637 288 650 299 643 274
354 25 367 18 359 9 369 6
348 24 379 7 335 19 356 7
385 430 372 429 392 416 379 415
367 419 490 407 375 404 390 404
467 304 449 306 472 290 455 292
215 335 199 334 221 320 207 320
100 235 89 244 109 217 99 224
184 129 200 121 189 114 205 105
380 14 354 28 368 8 353 16
701 274 682 275 714 262 683 262
703 271 724 288 715 262 740 285
842 280 868 281 864 269 898 269
596 322 598 282 601 310 604 288
583 331 594 323 592 317 599 312
549 328 570 331 555 315 576 318
897 270 843 270 892 258 850 258
111 53 131 52 116 36 141 38
136 34 111 32 139 18 115 16
736 356 710 361 744 344 715 348
169 366 1 382 143 354 3 367
734 343 736 354 740 331 741 343
707 347 732 343 713 334 738 331
274 345 243 341 283 332 272 330
242 338 303 344 272 327 343 334
339 347 341 292 345 334 347 277
330 286 286 281 345 274 304 267
197 496 1 532 198 481 2 516
861 200 780 205 881 188 828 190
148 483 51 498 154 468 60 483
50 497 49 475 59 482 58 459
62 469 142 457 59 457 149 441
172 317 210 361 178 302 213 343
304 279 362 287 291 262 368 273
271 279 285 277 275 266 289 263
391 285 368 289 427 268 379 273
361 289 370 353 368 281 376 337
836 427 747 413 846 416 790 407
597 280 577 277 603 267 567 262
576 276 495 277 566 262 516 261
601 334 582 336 604 321 574 325
762 405 895 427 782 396 897 415
7 379 137 366 60 359 137 352
605 469 726 501 607 455 731 488
602 331 628 334 608 319 631 321
368 285 322 275 366 269 331 262
679 346 640 348 662 335 636 334
374 284 411 280 378 270 416 266
681 496 597 474 669 479 601 460
668 171 664 143 675 153 669 130
25 535 182 501 46 516 187 486
889 186 851 187 896 174 877 174
840 177 823 179 848 166 826 167
283 474 199 496 289 459 202 481
113 28 139 30 114 12 142 14
287 492 183 519 296 476 242 491
717 230 716 252 720 223 721 242
711 272 710 208 716 259 715 197
166 559 284 526 184 540 292 510
1 595 164 559 1 579 183 540
188 507 262 490 86 512 269 475
182 519 1 553 164 508 1 538
863 165 891 164 886 152 898 150
180 367 159 321 185 350 166 309
283 529 207 551 296 511 186 543
691 337 706 335 690 325 712 323
781 367 758 371 780 355 751 363
873 415 887 411 852 401 873 402
889 144 864 147 897 133 870 135
1 551 144 524 1 535 162 506
739 336 698 344 748 325 714 329
206 552 1 598 182 544 2 582
55 475 56 494 63 459 65 476
215 373 202 375 218 359 199 361
736 200 762 198 747 185 767 187
261 331 286 282 269 313 281 288
617 218 668 217 619 206 676 204
658 268 701 272 664 255 685 257
577 41 580 122 583 25 585 107
853 160 828 163 850 149 829 152
707 133 710 175 712 118 716 188
708 201 545 202 715 189 671 189
617 277 626 325 623 267 630 304
628 286 640 339 637 290 647 328
495 285 523 305 500 271 515 281
464 283 492 284 487 270 498 272
147 524 283 491 175 503 238 490
582 399 528 412 580 387 561 392
801 173 778 175 800 158 782 160
46 389 1 393 49 374 1 378
720 374 766 364 727 362 772 351
708 129 704 1 713 51 713 18
