1.0155 316.736 95.9821 322.306 0.859217 229.319 107.311 276.295
92.7089 370.067 96.3955 331.037 91.2527 319.116 107.456 283.751
1.01161 324.801 94.9829 330.293 1.10476 237.762 106.007 283.985
327.998 336.075 497.976 341.726 318.094 367.767 478.036 431.908
331.009 279.798 504.013 287.709 340.798 316.489 500.28 382.32
328.024 343.37 501.003 349.93 316.09 374.778 477.727 440.669
324.334 401.972 327.4 312.975 293.302 428.712 315.041 376.017
326.001 403.114 405.006 404.693 294.049 429.877 370.329 460.171
325.026 409.182 395.019 411.406 290.321 435.211 363.922 465.191
326.971 412.356 371.998 416.021 293.769 440.542 382.576 478.878
133.983 204.091 308.043 213.142 185.96 182.095 340.288 246.309
129.994 262.115 302.955 270.894 161.798 233.481 317.615 298.916
0.991094 200.706 106.026 203.277 75.7788 137.542 150.049 167.881
0.973926 192.715 108.014 196.618 53.2489 121.387 163.021 165.948
109.821 196.073 114.006 149.001 164.655 165.318 211.503 68.759
137.284 151.974 143.9 89.9894 204.896 132.949 230.312 81.1531
137.347 179.837 142.857 191.598 193.769 158.051 196.377 169.917
143.997 198.069 306.982 205.405 195.903 179.237 342.941 239.145
142.006 148.876 309.019 156.578 209.04 132.901 360.886 194.282
1.0036 143.898 113.006 147.837 48.3 69.2407 184.05 122.872
1.01006 137.69 113.988 141.356 51.2654 64.32 185.166 116.576
1.02331 82.3073 120.023 86.311 155.687 47.8159 210.106 68.7248
130.864 85.9818 137.01 40.0014 220.883 70.9401 238.23 37.118
111.009 199.745 134.016 200.541 163.244 169.268 182.741 175.775
103.643 260.056 108.284 206.937 153.618 186.36 159.745 175.851
12.0004 213.991 106.015 218.704 70.2485 150.405 152.163 184.61
334.016 214.697 502.023 223.566 365.037 256.909 521.199 321.52
500.31 277.984 503.575 224.04 499.736 373.321 521.75 322.891
332.988 272.258 498.963 279.819 343.728 309.662 497.996 373.009
362 207 362.619 182.959 394.536 257.811 403.138 236.649
363.001 181.972 451.994 186.119 405.129 236.682 487.367 270.097
453.739 211.961 453.784 186.985 479.744 294.255 487.332 272.114
333.989 207.216 476.979 214.408 394.069 260.833 477.831 295.408
130.992 269.144 304.025 278.534 158.781 239.515 316.23 306.459
301.426 333.021 303.981 279.999 295.461 356.192 315.591 307.83
131.964 325.688 299.973 334.521 139.775 291.526 293.824 357.412
460.991 170.232 489.986 171.367 496.104 257.305 535.156 270.548
477.991 214.624 499.001 214.921 479.06 295.849 520.828 312.432
500.584 214.014 501.488 174.988 535.691 280.278 540.541 268.217
227.995 88.9996 231.912 42.0762 311.438 99.1937 327.376 63.1663
141.026 38.2223 325.984 44.4662 245.074 31.8038 325.905 62.2517
134.214 84.899 139.982 39.9977 223.821 71.91 243.501 32.749
142.988 87.3453 318.979 93.5979 230.673 76.8356 385.259 137.337
311.058 148.003 313.453 97.9738 365.554 188.229 385.902 138.96
146.01 142.717 310.015 148.593 214.31 128.214 364.235 187.405
489.958 156 490.086 111.997 531.611 254.209 545.742 212.912
497.242 123.987 498.724 157.024 538.416 258.138 545.402 237.134
335.996 150.066 502.006 157.775 388.752 197.606 536.918 258.201
327.201 90.0111 329.796 43.044 399.217 140.674 417.157 97.6483
331.004 44.9104 422.006 48.8726 418.84 98.4036 500.14 130.647
419.73 98.027 420.838 68.0309 483.855 176.322 500.465 132.175
83.0517 440.548 97.0216 439.229 58.9489 381.109 67.8723 385.274
4.10412 379.025 91.0281 387.741 75.9667 332.1 83.7667 334.7
126.006 332.892 302 343.007 130.71 295.67 283.943 362.13
122.246 375.013 124.592 331.978 112.501 340.239 121.732 320.872
117.017 391.635 295.99 400.209 99.186 345.563 267.877 417.29
297.696 399.043 300.812 348.988 269.679 416.297 296.047 356.021
98.3406 438.027 101.777 395.062 71.7038 393.869 93.4487 344.756
97.4812 321.043 102.294 267.026 113.515 271.772 134.03 228.014
0.940855 261.888 91.9366 267.951 41.2791 189.355 127.692 226.712
1.00393 254.928 102.03 260.446 49.8705 185.302 137.494 225.424
121.547 329.023 123.316 285.961 132.676 284.855 147.511 251.781
531.319 165.379 563.941 137.929 568.026 276.066 601.886 262.712
528.221 106.015 529.339 164.013 566.076 274.024 583.554 219.856
518.932 103.981 602.016 109.777 585.161 218.61 637.852 240.358
503.909 127.105 506.347 106.04 552.575 234.809 563.225 211.101
338.964 94.6699 491.008 102.846 483.889 177.273 562.28 209.315
495.694 109.812 500.901 129.027 549.795 233.979 552.569 206.956
503.631 174.006 504.068 128.001 541.501 267.168 551.949 235.983
277.732 449.987 279.221 418.963 236.4 451.8 244.849 429.939
281.311 461.981 282.884 419.981 239.471 452.213 248.509 432.23
529.191 168.992 529.865 217.006 496.874 477.957 564.795 278.93
531.393 170.494 574.418 136.269 566.071 280.227 626.76 261.233
511.012 216.57 528.998 217.057 531.302 317.291 548.212 324.502
186.015 398.688 297 403.991 96.2551 349.439 290.663 429.822
97.8328 258.98 102.112 224.014 133.482 217.747 148.023 188.011
15.017 218.647 101.01 222.802 71.1766 155.574 146.994 187.014
8.61015 253.937 14.0835 220.013 53.4114 185.234 69.6146 156.781
356.974 158.5 468.014 163.795 428.903 222.241 502.931 252.172
110.955 396.745 296.94 407.997 166.833 381.381 265.72 424.64
235.983 278.772 282.008 279.705 254.799 284.496 293.874 300.312
423.965 46.5531 497.981 51.2982 504.683 129.768 575.067 158.838
419.992 33.9997 421.126 1.00433 501.229 128.08 544.487 4.81999
330.963 41.8535 420.024 45.7245 419.77 95.5801 500.201 127.495
329.727 41.9903 331.178 1.00631 418.339 93.7359 455.349 1.13947
422.962 97.9997 423.752 0.997981 487.406 176.146 503.695 128.104
514.967 1.00088 516.288 50.9924 575.07 213.023 590.692 164.221
518.005 54.9255 599.966 60.4943 589.827 167.415 637.84 187.385
495.778 82.9801 500.97 24.9973 556.526 194.289 574.404 161.673
104.737 195.083 107.332 172.037 161.324 161.704 169.796 142.348
20.0115 166.753 106.011 170.765 85.7337 107.671 168.231 140.417
14.9739 155.479 51.9814 153.628 93.883 98.419 125.231 107.171
13.8146 161.964 111.036 166.307 91.3377 105.16 175.936 139.159
274.054 268.003 276.323 232.02 291.451 287.198 305.882 254.388
184.001 226.976 275.001 230.982 221.751 218.611 305.182 252.552
182.019 222.586 280.043 227.053 223.162 214.602 312.969 251.075
282.525 267.029 285.019 222.001 296.493 288.217 312.367 252.162
174.946 262.995 180.113 223.683 201.475 249.231 218.288 214.654
179.733 264.071 183.217 228.021 205.708 251.344 220.949 219.975
489.428 229.988 490.775 277.978 491.911 368.3 506.736 323.242
253.989 410.47 303.983 411.687 183.293 393.323 270.056 430.872
204.508 461.975 207.159 409.008 163.519 438.798 181.952 394.98
235.975 38.6463 308.983 41.4506 330.881 61.303 394.842 86.4036
234.478 40.0445 238.117 1.01094 331.824 59.92 358.651 0.841595
278.138 203.007 279.301 179.015 317.33 227.142 326.723 205.311
189.039 174.114 277.997 178.065 244.17 171.578 324.94 204.15
185.532 199.052 187.799 175.98 232.791 193.389 242.861 172.931
201.578 463.03 204.404 409.021 160.346 438.151 180.774 391.338
118.985 400.063 127.015 401.937 101.846 356.341 178.952 391.107
346.956 283.788 398.964 286.66 374.726 334.669 434.866 359.327
232.246 31.0229 235.042 1.00391 328.393 60.1792 355.297 1.13526
142.006 35.7117 233.999 37.8718 245.686 28.8288 327.12 59.6841
425.031 49.5123 497.988 54.1916 504.985 133.037 572.944 161.137
326.779 41.9917 328.316 1.01187 417.643 87.8581 443.822 21.9291
74.9705 397.376 97.9857 399.182 64.6492 338.744 85.6878 348.662
101.999 439.547 127.001 439.607 75.9294 388.209 97.2082 395.382
17.0141 158.67 112.012 162.726 93.06 101.85 177.168 135.582
311.027 447.974 312.093 408.002 262.172 473.072 279.242 432.101
323.65 92.0547 327.24 47.0263 400.76 129.903 414.088 97.0357
230.804 88.9851 234.301 43.0229 310.808 106.914 329.113 66.0504
202.988 171.348 283.996 174.115 254.229 171.43 333.884 202.472
489.391 175.984 489.776 214.078 513.531 307.173 524.6 273.196
357.955 172.937 458.963 177.765 398.659 224.845 493.876 263.306
507.623 245.972 509.691 217.977 473.658 472.879 528.073 319.671
47.9757 35.8078 137.016 38.4808 165.007 1.98247 241.194 30.4821
12.9729 210.604 105.012 214.734 69.2969 146.284 154.212 181.489
1.39389 254.057 7.55931 211.08 46.6241 183.343 66.7032 146.837
459.869 183.994 460.062 212 484.535 296.187 493.932 269.326
368.047 177.145 458.048 182.135 401.27 230.325 483.347 263.131
356.213 207.016 358.268 179.02 388.978 256.991 399.696 231.87
42.2629 83.0388 49.0495 37.0073 138.494 40.2748 156.575 7.76377
50.9997 33.0104 135.987 35.4543 168.291 0.22019 241.761 27.6394
137.264 37.9032 142.115 1.01518 243.391 27.2013 256.902 0.949409
507.18 117.998 508.31 215.008 529.197 315.066 558.374 227.791
359.95 272 360.104 235.996 370.306 319.12 383.675 284.873
362.013 234.74 452.99 239.194 384.988 285.028 469.132 319.68
453.899 277.004 454.049 240 457.568 355.207 469.896 321.326
354.608 272.026 356.344 230.972 366.466 315.792 380.134 280.663
368.023 230.542 459.046 235.072 382.201 279.504 476.165 317.592
458.906 277.003 459.045 237 462.543 356.198 476.107 319.039
458.981 228.544 478.031 227.756 479.109 311.688 498.802 318.567
332.963 221.344 354.043 223.594 381.341 275.149 477.677 313.805
283.014 203.001 284.487 173.974 321.534 229.239 331.78 206.349
353.651 336.021 355.261 285.976 343.622 376.244 360.994 331.998
307.672 451.029 309.645 405.028 258.619 474.844 278.134 427.055
406.983 157.361 446.991 159.192 452.788 227.517 489.72 242.682
489.919 340.002 490.039 293 470.932 427.321 486.775 381.267
186.978 165.583 276 168.994 245.944 163.14 333.972 196.241
177.506 198.048 180.956 161.996 225.657 189.323 241.24 157.626
455.927 340.026 457.342 288.982 438.689 415.258 457.241 365.716
281.74 126.981 282.26 147.019 339.303 176.123 345.848 159.939
195.002 122.942 280.03 126.222 265.112 125.718 345.221 157.442
190.198 142.902 192.521 123.941 255.591 143.301 263.922 126.96
197.039 118.258 283.012 122.763 296.276 132.433 349.282 156.55
512.305 0.992238 513.577 51.0108 587.979 161.993 598.139 130.044
1.0165 373.835 79.9917 376.616 2.70245 290.691 75.9148 322.198
0.908126 370.836 81.9823 373.419 1.64992 286.81 80.1149 320.734
189.001 162.824 237.015 163.784 249.019 160.952 328.018 191.954
350.534 335.018 352.206 286.007 340.879 375.333 358.723 328.274
275.379 331.019 277.86 281.043 271.458 346.194 291.011 300.005
364.989 126.646 446.037 129.315 430.374 186.091 499.237 214.424
181.008 198.001 183.371 169.947 228.536 191.256 240.115 167.055
180.98 218.527 276.99 222.249 222.928 210.177 309.874 245.311
165.074 212.656 179.073 215.661 188.844 189.276 208.143 199.342
454.758 155.019 455.108 141.003 498.498 241.16 504.005 224.002
364.979 130.4 454.048 135.09 425.094 189.771 502.219 221.466
617.717 262.006 620.685 407.006 595.064 478.02 620.134 396.733
619 261 638 261 621.941 397.154 637.902 403.257
288.774 147.042 290.356 118.019 345.854 179.344 356.389 153.157
185.026 114.215 289.012 117.646 260.04 114.896 355.097 151.751
182.461 142.044 184.942 115.995 249.6 138.278 259.761 116.352
166.011 157.199 179.027 156.513 216.175 141.527 239.077 150.741
147.739 182.969 150.716 158.086 203.791 180.352 217.771 148.898
36.9729 156.753 111.984 159.45 141.13 117.684 179.249 133.395
356.01 288.79 455.981 293.408 362.073 333.825 453.673 371.79
341.169 167.982 345.366 206.961 378.578 253.139 387.516 216.125
462.873 156.006 463.06 127 506.371 244.129 515.694 217.241
359.001 120.981 462.005 125.905 419.248 177.391 513.999 216.002
142.481 140.077 149.519 95.9234 213.336 124.188 234.384 86.6546
162.019 92.6297 312.04 100.208 243.33 87.1779 381.22 142.451
338.966 100.63 485.972 108.515 409.274 153.327 537.219 205.463
332.356 205.972 337.201 94.9651 393.571 197.194 407.938 154.979
459.546 337.993 460.254 288.989 441.71 416.268 459.288 369.731
478.918 149.999 479.178 129.989 521.596 250.198 529.656 225.886
530.947 113.903 589.039 117.337 582.7 226.741 637.952 249.118
15.0316 106.321 116.046 111.021 111.964 55.0878 197.175 89.5683
361.009 291.82 456.026 296.478 364.131 337.687 450.97 374.071
357.235 328.015 359.479 292.967 349.675 370.29 363.105 339.045
35.8509 299.48 95.0467 317.85 56.4608 230.67 111.871 275.139
66.0125 90.3328 120.041 91.6195 159.153 54.605 207.3 73.2235
147.242 261.935 151.38 213.947 176.532 238.251 194.861 199.406
140.477 261.055 146.061 212.891 170.799 235.41 191.012 196.006
142.074 323.908 147.043 273.905 150.473 295.229 173.498 247.756
172.515 326.04 176.5 275.039 178.427 306.195 199.265 260.664
136.729 305.967 140.928 271.112 144.399 291.202 167.402 245.698
485.772 254.983 486.103 269.998 489.357 362.11 498.267 328.025
479.892 260.003 480.242 274.019 483.822 360.939 491.772 337.921
26.0037 113.82 105.011 115.456 115.303 63.2162 196.211 94.4538
19.8734 137.173 24.4898 113.899 104.509 80.7216 113.987 63.9925
75.0734 386.063 87.5458 371.608 77.774 322.112 90 319
327.97 311.045 332.466 214.022 318.796 366.918 339.798 314.918
499.962 341.071 503.809 288.986 479.882 431.38 500.398 383.741
501.943 365.997 502.806 350.044 465.779 472.905 479.435 441.187
439 387.013 460.983 387.625 403.121 453.673 426.844 462.424
304.544 270.027 307.276 215.014 319.558 298.234 340.558 248.235
129.52 261.204 134.595 248.233 161.299 232.211 184.598 182.255
4.54098 253.079 10.1327 214.873 49.4092 184.232 67.7655 151.867
125.503 323.052 129.607 283.062 136.521 288.234 158.566 239.255
340.012 104.019 340.857 149.003 388.21 196.082 407.894 145.347
59.4081 407.506 73.2653 396.329 46.2183 342.693 71.256 334.814
562.729 137.58 577.873 127.803 602.774 261.083 638.094 252.383
38.9516 394.577 67.9989 397.013 32.013 322.975 57.866 336.261
37.9578 390.471 68.9777 393.249 33.2414 320.454 62.3055 333.309
311.007 208.755 331.991 209.336 345.676 243.864 364.962 251.1
575.64 136.264 613.401 117.822 628.03 262.223 637.982 260.866
516.697 56.0093 518.112 101.997 572.577 212.18 586.611 167.191
53 155 70 155 126.089 108.783 146.879 117.295
456.956 393.758 473.15 390.828 420.008 465.957 449.871 471.672
140.863 407.17 161.946 424.067 119.783 366.119 146.517 414.715
163.713 424.349 187.081 449.926 145.605 416.151 152.485 434.197
38.0619 387.109 72.0369 389.469 35.8637 317.292 65.0448 330.904
140.179 39.022 144.846 0.981097 246.807 26.9037 259.807 0.903704
127.935 439.115 150.552 451.798 98.7225 395.369 115.46 414.58
39.8707 81.982 46.1409 37.0196 141.3 41.1675 163.787 0.881045
5.00362 384.179 32.0128 383.634 1 300 27.8179 311.427
128.484 401.43 170.497 439.561 113.276 362.843 137.703 409.737
350 407 376 407 332.982 449.043 364.076 461.815
501.777 23.9949 502.307 0.984032 593.056 121.019 603.297 90.0984
38.0054 208.868 78.0204 210.499 111.717 160.691 139.896 172.254
14.7193 286.481 34.8663 298.229 47.5594 214.235 55.5651 229.232
383.015 240.703 452.987 244.255 400.051 296.874 464.141 322.65
