1 316 95 322 0 229 106 276
92 370 96 331 91 319 107 284
75 386 87 371 77 322 89 319
4 379 90 387 1 295 67 328
94 330 1 324 106 283 1 238
327 336 497 341 318 367 477 431
504 287 331 279 500 382 341 316
499 341 503 289 479 431 500 384
501 365 502 351 465 472 479 441
501 349 328 343 477 440 316 374
327 312 324 401 315 376 293 428
326 403 404 404 294 429 370 460
395 411 325 409 363 465 290 435
326 412 371 416 293 440 381 478
438 387 459 387 403 453 426 462
308 213 134 204 340 246 186 182
304 270 307 215 319 298 340 248
129 262 302 270 161 233 316 298
135 206 132 246 184 182 161 232
106 203 1 200 150 167 75 137
0 192 107 196 53 121 162 165
115 140 121 87 164 165 211 69
143 89 137 151 230 81 205 132
137 179 142 190 193 158 196 169
143 198 306 205 195 179 342 238
308 202 310 158 344 238 362 195
309 156 142 148 360 194 209 133
113 147 1 143 184 122 49 69
1 137 113 141 51 64 184 116
120 86 1 82 210 68 155 47
137 40 130 85 238 37 220 70
134 200 111 199 182 175 163 169
134 167 135 178 204 133 185 172
103 260 108 207 153 186 159 175
12 213 105 218 70 150 151 184
4 253 10 215 49 184 67 152
502 223 334 214 521 321 365 257
500 277 503 224 499 373 521 322
332 272 498 279 343 309 497 372
332 214 327 310 364 253 343 307
362 182 362 206 403 236 394 257
451 186 363 181 487 270 405 236
453 211 453 187 479 294 487 272
333 207 476 214 394 260 477 295
304 278 131 269 316 306 158 239
301 333 303 280 295 356 315 308
131 325 299 334 139 291 293 357
489 171 461 170 535 270 496 257
500 214 501 175 522 312 535 273
231 42 228 88 327 63 311 98
134 84 139 40 223 71 243 33
318 93 143 87 385 137 230 76
311 148 313 98 365 188 385 139
146 142 309 148 214 128 364 187
489 155 490 112 531 254 545 213
498 157 497 124 538 258 545 237
335 150 501 157 388 197 536 258
327 90 329 43 399 140 416 98
331 44 421 48 418 98 499 130
420 68 419 98 500 132 483 176
491 102 339 94 482 176 409 147
73 396 60 407 71 334 46 342
97 439 83 440 67 385 59 381
101 395 98 437 89 348 71 385
301 343 126 332 283 362 130 295
117 391 295 400 99 345 267 417
297 399 300 349 269 416 295 356
100 446 102 420 71 393 93 345
97 321 102 267 113 271 133 228
91 267 1 261 127 226 41 189
1 254 101 260 49 185 137 225
123 285 121 328 147 251 132 284
124 331 122 374 131 297 122 319
562 137 577 127 602 261 637 252
531 165 563 138 568 276 601 262
528 106 529 164 583 219 566 273
602 109 519 104 637 240 585 218
503 127 506 106 552 234 562 212
495 109 500 128 552 206 549 233
503 174 504 128 541 267 551 236
38 394 67 397 32 322 57 336
68 393 38 390 62 333 33 320
279 418 277 449 244 429 236 451
281 461 282 420 239 452 248 433
331 209 311 208 364 251 346 244
337 94 332 205 387 196 366 249
529 168 529 216 564 278 496 477
574 136 532 169 626 261 566 280
528 217 512 216 548 324 531 317
297 403 186 398 290 429 96 349
97 258 102 224 133 217 147 188
101 222 15 218 146 187 71 155
14 220 8 253 69 156 53 184
468 163 357 158 502 252 429 222
296 407 111 396 265 424 167 381
282 279 236 278 293 300 254 284
497 51 424 46 575 158 504 129
422 97 423 1 504 128 547 5
421 1 419 33 544 4 501 127
420 45 331 41 500 127 420 95
329 41 331 1 418 93 455 1
516 50 514 1 590 162 629 38
518 101 516 56 575 213 590 164
518 54 599 60 589 167 636 187
500 24 495 82 574 161 556 194
104 195 107 172 161 161 169 142
106 170 20 166 168 140 86 107
51 153 15 155 125 107 94 98
70 155 53 155 146 117 126 108
13 161 110 166 91 105 175 139
473 390 457 393 449 471 420 466
302 450 301 433 255 475 261 450
274 268 276 232 291 287 305 255
275 230 184 226 305 252 221 218
182 222 279 227 223 214 312 250
281 229 279 267 312 252 296 287
174 262 180 224 201 249 218 215
183 228 179 263 220 219 206 250
490 277 489 229 491 368 506 323
204 407 252 409 183 393 269 430
204 461 207 409 163 438 181 395
308 41 236 38 394 86 331 61
234 40 238 1 331 59 358 1
278 203 279 179 317 227 326 206
277 178 189 174 324 204 244 171
187 175 185 198 242 172 233 192
161 424 140 407 146 414 120 366
204 409 201 462 180 391 160 438
132 402 202 406 101 356 178 390
398 286 347 283 434 359 375 335
72 389 38 387 65 330 36 317
235 1 232 30 355 1 328 59
233 37 142 35 327 59 245 28
140 39 144 1 246 26 259 0
425 49 497 54 504 133 572 160
328 1 326 41 443 21 417 86
74 397 97 399 64 338 85 348
150 451 128 439 115 414 99 395
127 439 102 439 97 395 76 388
112 162 17 158 177 135 93 102
311 447 312 408 262 473 279 432
327 47 323 91 414 97 400 129
141 38 325 44 330 64 412 95
230 88 234 43 310 106 328 66
202 171 283 174 254 171 333 202
489 214 489 176 513 307 524 273
458 177 358 172 493 263 399 225
509 247 507 385 528 319 473 472
42 83 48 37 141 41 163 1
47 35 136 38 165 1 240 30
105 214 13 210 154 181 70 146
7 211 1 253 66 146 46 182
459 183 460 211 493 269 484 295
368 177 457 182 401 230 482 262
356 207 358 179 388 256 399 232
46 37 39 81 156 7 138 40
135 35 51 33 241 27 168 0
142 1 137 37 256 0 243 26
507 117 508 214 558 227 529 315
360 235 359 271 383 284 370 318
452 239 362 234 469 319 385 285
453 277 454 240 457 355 469 321
354 272 356 231 366 315 379 281
368 230 458 235 382 279 475 317
459 237 458 277 476 319 462 355
478 227 459 228 498 318 479 311
458 230 356 226 477 313 382 275
284 173 283 202 331 206 321 229
355 285 353 335 360 331 343 375
309 405 307 450 278 427 258 474
446 159 407 157 489 242 453 227
489 340 490 293 470 427 486 381
276 168 187 165 333 196 245 163
180 161 177 197 241 157 225 189
128 401 169 439 113 362 137 408
455 340 457 289 438 415 456 366
282 147 281 127 339 176 345 160
280 126 195 122 345 157 265 125
192 123 190 142 263 126 255 142
197 118 282 122 296 132 349 156
512 0 513 50 598 130 588 161
79 376 1 373 75 322 3 290
0 370 81 373 1 286 79 320
237 164 271 165 249 160 327 191
350 335 352 286 340 375 358 328
275 331 277 281 271 346 290 300
364 126 445 129 430 186 498 214
181 198 183 170 228 191 239 167
276 222 181 218 309 245 223 210
179 215 165 212 208 199 189 189
454 155 455 141 498 241 503 224
454 135 365 130 502 221 425 189
617 262 620 406 620 396 595 477
638 261 619 261 637 403 622 397
288 147 290 118 345 179 356 153
289 117 185 114 355 151 260 115
184 115 182 141 259 116 249 138
165 155 154 154 239 150 216 141
155 160 153 196 217 148 203 179
36 156 111 159 141 117 179 133
356 288 455 293 362 333 453 371
345 206 341 168 378 253 387 216
462 156 463 127 506 244 515 217
462 125 359 120 513 216 419 177
142 140 149 96 213 124 234 86
162 92 311 100 243 87 380 142
338 100 485 108 409 153 537 205
340 149 340 105 393 197 407 155
460 288 459 337 459 369 441 415
478 149 479 130 521 250 529 226
485 175 482 183 532 226 526 249
589 117 531 113 637 249 583 226
116 111 15 106 197 89 112 55
456 296 361 291 450 374 364 337
359 292 357 327 363 339 349 370
95 317 36 299 111 275 56 230
66 90 119 91 159 54 206 72
151 213 147 261 194 199 176 237
140 261 146 213 170 235 190 196
147 273 142 323 173 247 150 294
176 275 172 325 199 260 178 306
136 305 140 271 144 291 166 246
485 254 486 269 498 328 489 361
480 274 479 260 483 360 491 338
26 113 104 115 115 63 195 94
383 240 452 244 400 296 464 322
