0 208.252 314.172 1 217.441 303.179
2 407.919 325.334 2 398.072 385.035
3 237.562 431.037 4 201.59 426.102
5 368.95 122.427 6 427.895 181.952
6 467.116 127.556 7 520.132 219.772
7 178.668 112.059 8 257.289 111.227
8 151.283 369.183 10 143.357 337.949
9 151.283 369.183 9 143.357 337.949
2698 187.874 193.046 2634 237.983 188.031
2666 482.802 162.262 2161 522.275 257.02
16 347.538 381.823 16 322.388 417.342
17 347.538 381.823 17 322.388 417.342
18 384.235 79.9686 18 455.715 147.762
2651 149.963 224.853 2964 192.322 204.512
31 512.947 154.687 31 553.341 260.641
32 315.271 277.776 34 327.119 309.392
33 153.148 233.915 35 192.067 214.736
34 124.739 146.865 38 194.872 125.632
35 254.368 243.868 33 282.281 257.428
36 148.116 296.892 37 166.036 270.898
37 320.388 155.823 36 372.173 197.608
39 284.796 309.16 39 288.021 327.828
40 312.12 338.849 42 303.654 365.343
41 74.4062 362.365 43 75.7606 306.27
2629 457.04 177.485 2111 493.099 262.52
44 345.007 309.254 47 344.062 348.162
45 29.3412 232.439 50 80.188 172.849
46 513.14 205.318 44 536.802 308.466
48 348.201 243.26 49 369.242 288.084
49 484.084 313.092 48 474.592 399.726
50 483.519 250.095 51 494.388 340.707
51 289.791 183.969 52 334.178 213.468
52 289.791 183.969 53 334.178 213.468
53 155.552 173.352 54 214.033 159.561
54 86.4631 237.421 55 129.404 195.843
55 33.9909 175.287 58 103.867 122.982
56 33.9909 175.287 59 103.867 122.982
59 484.678 192.668 60 514.623 287.662
60 262.658 185.903 56 308.364 206.261
61 262.658 185.903 57 308.364 206.261
64 108.625 360.796 62 108.087 316.732
65 118.598 234.727 63 159.847 204.178
66 345.764 237.949 61 369.015 282.225
71 486.059 367.831 67 458.105 452.418
72 36.1759 450.106 64 9.16889 375.764
75 131.058 112.281 72 212.38 94.706
76 131.058 112.281 73 212.38 94.706
77 95.9657 182.842 71 156.154 147.602
78 322.507 184.855 75 365.073 225.019
79 439.617 198.988 74 470.758 277.946
81 325.109 119.644 76 388.439 165.743
84 336.692 358.253 79 319.881 391.591
86 491.69 238.143 78 505.19 332.487
91 341.9 197.238 87 378.798 243.305
94 336.827 326.071 93 330.783 361.702
95 536.833 179.867 90 568.345 291.6
96 58.4717 89.18 103 153.809 51.8445
97 42.8448 291.284 102 72.9003 231.251
100 344.91 103.351 97 412.327 156.967
101 344.91 103.351 98 412.327 156.967
103 146.556 159.094 120 210.608 142.642
104 142.498 214.631 117 188.484 192.522
109 108.208 133.264 115 184.143 107.498
110 108.208 133.264 116 184.143 107.498
114 490.377 333.586 119 473.309 421.687
115 339.679 30.2356 121 430.945 87.391
116 331.48 394.751 118 302.891 424.138
118 284.191 168.166 126 334.727 196.971
121 180.095 217.54 128 222.455 208.438
123 36.8854 90.0914 136 134.521 46.1471
124 181.937 161.03 132 242.929 157.069
126 217.474 418.477 137 188.958 406.713
127 505.963 378.161 157 472.74 468.314
130 142.169 384.744 162 129.335 350.627
131 135.98 276.568 146 161.654 247.708
132 473.211 39.696 135 553.546 138.755
133 577.987 147.029 123 619.342 274.317
136 270.442 464.578 107 222.648 463.459
137 130.502 339.389 148 135.478 303.838
138 37.3506 419.326 139 24.6615 346.219
140 73.0209 430.391 138 52.4052 368.206
141 459.035 161.934 147 500.21 248.723
143 164.175 447.734 164 129.811 415.373
151 336.012 265.376 155 350.58 304.601
154 523.884 148.251 153 566.261 257.222
2559 530.913 155.608 2311 570.401 266.612
156 251.547 377.72 151 234.949 381.451
157 335.021 288.552 145 341.965 326.39
159 281.149 222.168 156 313.947 246.131
160 496.761 175.796 142 530.839 274.802
162 460.408 231.692 149 479.021 315.227
163 431.499 94.5788 158 496.044 176.614
2552 162.734 461.9 2990 123.165 428.736
168 296.543 327.768 169 292.75 349.931
169 264.397 109.285 160 335.382 136.375
170 132.136 318.774 171 143.702 285.716
171 465.755 120.971 173 520.129 212.47
173 35.4138 404.297 204 27.1231 332.304
175 507.621 96.5391 163 567.727 203.386
177 273.903 284.838 170 286.41 302.085
181 250.675 110.079 185 322.765 132.398
185 86.7652 104.672 209 174.706 74.8826
186 302.655 221.09 200 334.321 252.381
187 502.506 109.507 186 558.544 213.839
188 502.506 109.507 187 558.544 213.839
189 232.246 326.66 257 233.732 327.815
190 283.035 294.868 210 291.245 314.408
192 290.057 419.618 190 256.013 433.46
193 34.6624 386.381 226 33.102 314.918
198 292.259 230.666 216 321.56 257.692
201 472.922 242.586 208 487.077 329.258
204 339.962 145.82 223 393.852 194.137
206 136.339 124.553 229 212.6 108.897
2550 427.988 159.559 2526 471.743 236.387
215 347.541 421.452 245 308.58 454.472
222 137.086 258.232 246 168.718 231.702
225 295.096 338.591 240 287.946 359.238
226 295.096 338.591 241 287.946 359.238
227 526.47 227.277 218 542.309 333.424
230 39.0561 261.783 248 78.68 202.473
231 39.0561 261.783 249 78.68 202.473
232 235.035 159.059 254 291.998 172.344
234 73.5357 104.572 258 163.237 70.4891
235 498.514 354.378 263 474.266 443.755
236 498.514 354.378 264 474.266 443.755
239 361.332 287.344 265 367.71 333.956
240 25.402 260.655 269 66.7931 196.93
241 25.402 260.655 270 66.7931 196.93
242 17.9413 282.304 274 52.5574 214.375
243 499.451 292.118 259 495.76 385.062
244 499.451 292.118 260 495.76 385.062
2520 403.552 364.321 2674 380.364 420.585
248 306.864 162.774 255 357.356 199.448
249 152.994 275.569 261 177.952 252.988
250 148.809 92.5993 271 234.689 83.526
251 148.809 92.5993 272 234.689 83.526
252 460.668 179.234 253 496.398 265.775
254 367.695 69.0961 267 444.775 132.251
255 367.695 69.0961 268 444.775 132.251
256 470.497 301.868 215 464.334 385.581
257 73.534 410.811 286 59.4831 350.619
258 73.534 410.811 287 59.4831 350.619
259 73.9344 389.791 316 67.0905 331.544
260 397.942 68.9282 238 472.826 141.476
261 397.942 68.9282 239 472.826 141.476
2506 146.887 343.435 2757 149.084 314.182
263 332.101 135.595 273 389.797 182.48
268 320.052 79.3684 291 396.769 126.809
2505 129.97 257.22 2685 163.12 228.332
271 330.971 166.561 302 378.562 210.879
272 236.268 87.2551 319 316.7 106.723
274 289.794 443.573 353 246.421 455.556
275 23.3248 112.276 312 114.584 61.5813
276 533.838 77.2938 347 599.128 194.314
277 533.838 77.2938 348 599.128 194.314
278 294.334 395.224 310 267.808 411.983
279 294.334 395.224 311 267.808 411.983
281 261.623 416.148 305 230.34 420.17
283 105.456 200.719 364 160.13 168.513
285 287.036 417.773 300 253.408 430.33
286 287.036 417.773 301 253.408 430.33
288 329.061 218.774 313 359.554 258.935
289 48.6555 80.5817 340 147.877 41.1299
290 476.133 291.524 309 473.556 376.566
291 151.731 124.817 337 226.791 114.005
293 98.5338 272.087 325 128.978 231.602
294 98.5338 272.087 326 128.978 231.602
296 434.94 167.668 335 475.777 246.229
299 32.2464 197.977 349 94.0399 142.112
303 242.269 318.477 332 245.248 322.588
304 242.269 318.477 331 245.248 322.588
305 438.786 120.537 321 494.231 203.001
306 458.909 57.1463 334 534.27 150.694
312 189.571 410.898 374 165.235 389.825
313 85.8629 326.147 355 99.2647 276.957
315 93.3039 264.49 351 126.632 222.744
316 93.3039 264.49 352 126.632 222.744
317 266.569 319.403 339 266.874 331.508
319 211.46 439.81 318 175.981 424.819
322 107.226 106.685 354 192.331 82.8858
323 117.443 248.331 342 153.318 216.644
324 74.598 381.733 387 70.1537 324.547
327 310.468 97.917 367 382.108 140.629
328 310.468 97.917 368 382.108 140.629
329 330.882 347.487 292 318.36 380.263
332 93.8058 327.013 389 106.327 280.467
333 299.611 409.272 377 267.778 426.708
334 483.78 88.9033 385 547.336 188.574
335 489.448 107.64 415 547.066 207.849
338 283.481 89.5159 386 359.554 124.116
339 147.696 447.107 410 114.517 409.891
341 50.5089 142.946 395 128.662 97.9651
342 357.988 154.974 363 407.243 208.85
343 509.852 80.6604 413 574.711 189.724
346 453.464 290.732 338 452.267 368.286
347 43.4412 198.438 399 103.888 146.132
2492 122.446 359.447 2858 120.631 320.942
349 51.5832 420.961 303 36.9072 352.735
352 374.905 118.011 408 435.507 180.044
355 469.393 388.361 431 434.369 465.738
357 103.94 290.661 424 127.614 250.483
360 239.119 46.7637 404 332.682 70.5798
361 497.582 259.876 394 504.566 353.804
364 305.123 202.066 420 342.758 235.517
365 293.879 403.099 436 265.105 419.237
366 345.496 255.023 356 362.645 297.874
2486 286.255 177.969 2502 333.601 206.207
370 338.959 147.194 366 392.673 195.362
2473 107.695 184.062 2544 167.152 153.044
2427 458.905 295.664 2520 456.054 374.81
373 88.5423 382.685 426 82.394 329.989
378 434.269 325.518 398 423.459 394.674
382 184.094 262.275 604 209.811 251.325
383 526.128 122.771 370 576.467 234.065
387 92.4237 396.331 444 81.3333 343.795
390 437.214 399.332 442 400.771 464.655
392 527.67 309.781 357 516.35 411.651
393 553.123 50.5349 501 625.664 175.004
394 131.284 389.24 471 118.657 350.397
396 336.853 380.649 434 312.459 413.053
400 400.339 420.486 520 357.656 471.657
401 320.955 195.424 513 360.383 234.647
404 301.407 282.447 422 312.386 309.111
405 500.97 227.848 296 517.021 325.422
406 500.97 227.848 423 518.212 324.824
409 487.371 41.8435 439 565.843 145.626
413 486.532 352.902 397 463.206 438.574
414 336.709 387.299 430 308.923 420.958
2389 441.401 160.197 2635 484.203 241.236
2384 135.545 332.402 2880 142.669 299.436
2363 570.688 249.662 2134 578.782 369.527
420 434.078 158.427 499 478.12 237.342
421 320.893 411.181 492 287.274 435.835
422 181.464 120.818 460 254.785 121.415
425 143.362 352.543 498 142.819 320.244
431 97.8659 403.46 487 83.8223 351.992
432 373.713 74.6531 457 448.339 139.546
433 489.904 100.247 438 549.346 200.922
434 140.516 311.464 494 154.141 281.832
2355 149.782 141.947 2081 219.215 128.903
440 261.625 304.601 542 269.089 316.857
441 261.625 304.601 541 269.089 316.857
443 136.564 354.782 473 135.25 321.369
444 118.297 90.0451 454 207.521 71.5404
445 118.297 90.0451 455 207.521 71.5404
449 60.6861 438.42 615 38.4815 370.908
450 60.6861 438.42 616 38.4815 370.908
452 244.62 213.65 493 283.055 226.124
454 89.7187 424.986 443 69.4042 369.278
455 92.5857 409.341 496 77.0437 355.987
456 92.5857 409.341 497 77.0437 355.987
457 368.814 155.485 484 417.544 213.029
458 529.52 48.7274 458 604.432 165.591
459 159.784 380.208 549 147.609 352.102
463 488.135 276.483 539 490.113 366.668
465 528.158 347.794 446 504.35 447.784
466 581.126 153.552 522 619.845 281.541
467 183.228 439.905 467 149.785 414.818
468 477.618 338.736 640 459.379 422.259
469 373.274 419.783 462 333.216 462.364
470 208.21 61.9215 412 299.684 74.7141
471 416.321 96.5117 504 481.206 173.645
472 495.006 113.77 519 549.841 215.357
478 365.602 206.615 470 398.062 259.753
484 194.318 142.192 577 259.808 143.698
485 59.5306 449.846 635 33.3335 381.509
486 145.817 407.351 480 127.119 372.538
488 321.553 65.2078 543 403.137 113.67
493 475.052 360.033 531 450.187 441.042
497 139.363 113.88 602 219.23 99.8318
498 542.015 37.7258 510 619.412 159.232
501 357.906 418.824 632 319.399 455.418
502 280.595 409.352 545 250.065 420.21
503 474.88 393.424 526 437.555 472.48
504 206.475 405.327 594 183.091 391.184
505 331.364 406.333 565 298.248 434.824
2348 451.355 386.983 1618 417.618 457.839
508 144.601 117.062 608 222.69 104.763
509 151.64 180.253 570 208.221 164.912
510 497.441 339.219 556 478.062 429.196
511 497.441 339.219 557 478.062 429.196
516 279.053 231.811 547 308.81 254.508
517 279.053 231.811 548 308.81 254.508
518 49.8495 452.283 644 23.8394 380.732
519 137.836 207.557 836 186.38 184.635
521 173.938 190.084 571 225.362 181.189
522 173.938 190.084 572 225.362 181.189
523 148.377 224.363 597 190.947 203.599
525 512.597 353.531 587 487.332 447.285
527 526.366 134.058 583 573.242 244.881
528 91.7831 113.624 552 176.407 84.462
529 348.305 312.511 511 346.27 352.594
531 511.355 343.597 536 489.737 438.024
533 216.998 155.309 613 277.067 163.105
534 488.065 339.189 530 469.139 425.714
535 128.069 405.815 559 110.417 364.431
536 371.127 162.695 529 417.643 220.843
538 95.0908 320.336 508 109.188 274.352
541 159.761 141.171 585 228.456 131.381
543 302.365 268.182 670 318.39 296.261
545 381.33 167.417 562 425.528 228.375
550 145.148 407.096 605 126.043 371.623
2317 492.054 209.458 2201 516.554 304.075
553 106.295 209.427 673 157.162 176.879
554 533.44 256.988 686 539.518 363.089
555 157.892 261.344 622 186.644 241.306
557 21.1033 398.328 678 16.3927 321.719
558 563.125 142.261 567 605.179 264.607
559 479.482 276.602 558 481.691 363.46
2308 147.568 121.229 2922 223.923 108.857
565 180.516 133.305 626 249.54 132.08
566 135.172 32.0004 830 241.89 25.2511
568 459.557 123.315 681 513.551 213.119
2253 619.698 287.023 1702 614.165 422.54
2212 286.48 258.921 2039 306.62 283.079
580 528.619 340.958 646 507.314 441.356
581 353.62 93.5255 740 423.468 150.634
582 121.948 442.382 588 91.8665 396.401
583 473.5 369.39 662 445.323 449.702
584 457.543 191.847 647 489.535 275.795
585 551.252 38.4013 485 628.468 162.447
586 157.986 407.314 727 137.352 375.945
587 361.442 181.432 633 402.441 234.728
588 361.442 181.432 634 402.441 234.728
589 333.072 146.966 502 386.648 193.164
594 254.183 157.365 693 310.333 177.174
598 115.644 350.412 738 118.393 309.426
600 511.545 200.237 625 537.325 302.306
601 184.505 403.677 657 162.979 381.882
2208 284.302 262.569 1893 303.743 284.671
604 352.54 271.008 624 364.185 315.411
606 481.073 100.559 702 541.014 198.575
607 507.716 118.079 592 560.664 223.734
609 145.576 196.351 791 197.074 177.646
612 130.95 188.464 680 186.624 165.652
2206 131.027 166.928 2044 193.641 146.246
619 69.8284 331.672 650 82.6511 276.747
620 89.1696 389.694 748 81.025 336.622
622 461.78 276.119 667 465.391 357.246
623 379.349 413.71 627 340.85 458.467
633 282.817 322.183 629 282.526 338.931
2195 297.668 240.134 1792 323.2 268.03
635 459.174 384.737 642 426.145 458.847
636 200.678 409.823 679 176.498 393.47
637 94.4528 333.461 760 104.698 286.477
640 153.72 163.836 742 215.647 150.124
2139 234.789 388.957 2993 214.259 386.551
647 84.9446 401.689 653 73.0226 346.277
648 452.192 242.394 705 467.509 322.38
649 359.811 202.297 674 394.266 253.382
650 359.811 202.297 675 394.266 253.382
651 462.456 211.66 779 487.166 296.901
652 478.361 317.354 668 467.346 401.097
653 478.361 317.354 669 467.346 401.097
655 126.476 283.201 820 150.87 251.424
656 512.018 309.611 645 501.657 406.02
660 405.181 62.5614 689 481.656 138.168
661 140.51 144.411 746 210.018 128.092
663 66.2917 435.689 685 44.6682 371.342
665 383.215 419.116 729 343.095 464.8
668 533.448 279.304 745 532.063 384.529
669 526.342 110.638 690 580.755 222.783
671 551.669 104.757 795 607.052 225.72
673 372.536 17.6066 700 465.969 86.1196
675 140.605 378.615 684 131.08 343.932
676 247.349 412.752 737 218.126 411.992
680 194.127 454.909 948 154.378 432.825
681 181.037 231.663 762 218.168 221.43
692 254.86 114.632 560 325.73 137.648
693 397.573 22.3166 869 486.773 98.0917
697 449.917 180.2 713 486.083 263.128
698 449.917 180.2 714 486.083 263.128
701 126.914 202.731 620 177.911 177.417
702 282.488 181.391 721 328.724 208.759
704 134.968 377.052 777 126.767 339.907
707 44.2821 340.229 730 56.7651 276.156
711 114.135 390.459 756 103.231 345.526
714 62.4211 412.643 801 48.7894 348.486
720 164.408 428.858 749 136.228 398.622
723 54.6957 442.651 790 31.694 373.554
725 36.0753 329.526 772 53.3271 263.48
2133 327.644 303.842 1717 329.676 337.607
732 305.625 436.288 753 264.258 454.54
736 144.193 336.2 965 149.144 305.579
2121 421.982 47.7697 2776 502.298 130.196
751 456.21 65.0992 707 529.097 157.55
755 268.928 228.841 788 300.483 248.467
756 210.738 385.759 786 193.085 374.303
757 100.063 442.702 405 71.3716 390.556
761 341.286 417.05 1107 304.051 448.224
767 488.368 156.102 910 530.185 253.394
772 446.645 237.179 810 463.545 315.258
774 329.208 254.043 797 347.954 291.744
779 184.427 193.049 799 234.409 186.927
780 82.6383 437.448 751 58.6 378.355
786 485.033 381.46 1051 451.653 465.206
788 351.07 5.59171 775 449.877 67.8096
792 477.957 375.136 988 447.861 456.079
793 25.4695 162.143 1069 99.6061 107.476
794 25.4695 162.143 1070 99.6061 107.476
795 343.042 56.2198 921 425.661 112.319
805 204.711 169.073 823 260.974 171.934
806 114.395 442.372 1092 85.082 393.76
817 276.959 158.084 853 331.465 185.394
822 94.8178 333.031 852 104.98 286.262
826 96.3365 363.271 934 96.1105 314.614
828 110.846 165.162 963 176.237 137.582
829 107.025 150.232 1081 177.431 122.366
2120 421.982 47.7697 2777 502.298 130.196
832 281.478 422.61 875 246.499 432.895
837 466.777 382.943 728 434.279 459.658
841 358.92 233.554 955 382.923 282.619
846 365.429 184.97 1486 404.571 238.776
850 143.698 124.018 809 219.526 110.701
2108 457.639 395.496 2376 420.958 467.702
859 306.259 216.345 903 339.186 249.086
861 146.703 90.2214 817 233.662 80.91
868 96.1843 363.501 1064 95.8857 314.83
2104 527.897 140.923 3008 572.52 252.074
2103 382.272 157.586 1838 429.429 219.385
879 322.173 440.266 890 278.372 464.073
882 457.575 150.71 977 502.704 238.381
883 457.575 150.71 978 502.704 238.381
885 635.134 314.196 929 620.549 454.656
888 52.2135 428.621 878 34.2595 360.034
891 512.357 66.8277 822 581.271 178.023
892 541.008 31.0441 805 619.693 152.775
894 478.977 197.138 1469 508.495 288.203
899 105.586 217.78 767 153.409 183.837
902 147.742 415.331 942 125.659 380.434
903 147.742 415.331 941 125.659 380.434
907 28.8565 165.726 905 102.063 111.718
908 261.45 123.949 995 328.084 148.645
913 334.826 411.85 880 299.777 441.335
2100 293.97 291.54 1839 302.545 314.876
919 16.4747 128.608 1300 102.853 75.0557
2096 299.388 291.513 2231 306.556 318.001
923 313.328 363.118 811 296.778 388.435
929 144.973 146.849 1049 213.107 132.046
932 361.926 387.671 757 334.292 427.909
935 135.161 335.558 1289 141.272 301.904
941 280.403 450.447 982 240.893 446.359
944 488.728 213.334 827 511.601 306.873
950 46.2438 410.575 1140 34.7279 341.216
956 107.478 399.606 1106 93.7516 351.782
960 98.7915 415.996 896 80.5895 363.661
961 487.15 56.2527 666 560.138 159.75
962 452.751 189.017 1310 486.206 272.081
963 452.751 189.017 1309 486.206 272.081
969 214.272 121.909 1229 286.275 131.736
971 87.9305 462.652 1040 59.127 397.924
972 619.761 263.721 936 621.632 399.926
975 319.009 225.775 891 347.429 262.259
977 16.9553 182.67 1161 84.5932 124.584
978 510.354 195.902 1137 538.016 297.238
983 234.297 122.534 1139 303.647 138.71
985 245.062 223.825 1022 280.079 235.878
986 245.062 223.825 1023 280.079 235.878
987 200.748 172.425 1054 255.981 173.688
2094 264.413 342.445 1824 258.473 352.657
994 196.999 153.92 999 258.5 155.372
1001 47.3505 426.484 861 31.0265 357.47
1002 82.0557 167.998 1031 148.89 130.93
1003 498.73 278.2 1038 499.565 371.598
1004 498.73 278.2 1039 499.565 371.598
1009 76.7432 396.04 1087 67.2918 338.099
1010 174.15 172.252 1362 231.996 164.519
1013 495.41 75.569 974 562.849 180.432
1014 362.08 146.86 1155 414.248 203.236
1018 100.92 375.06 1009 96.865 327.372
1020 482.637 272.401 1127 486.504 361.155
1021 482.637 272.401 1128 486.504 361.155
1027 110.427 327.736 1025 121.524 286.682
1028 240.824 122.84 1153 309.464 141.09
1031 111.58 398.316 1091 98.2974 351.991
1032 558.447 117.401 1500 610.235 239.941
1038 94.7142 401.991 1769 81.4994 349.457
1042 249.186 163.18 1029 303.657 180.801
1046 188.921 225.896 1383 227.133 218.978
1047 437.563 21.264 1315 525.683 110.044
1050 190.35 168.99 1075 247.457 167.001
1051 190.35 168.99 1076 247.457 167.001
1053 222.507 341.016 1080 219.671 336.866
1059 492.774 263.6 1183 498.749 356.334
1060 115.831 205.103 1126 167.315 176.007
2090 503.456 133.113 1587 551.692 235.182
2080 541.628 105.125 2326 596.771 222.308
1066 461.386 339.346 1074 443.884 416.879
1084 419.162 64.3435 1414 494.682 144.711
1086 274.145 226.092 886 305.818 247.06
1091 156.662 177.995 1260 213.701 164.432
1098 152.581 308.259 824 166.258 283.62
1100 101.045 40.051 1247 209.078 20.8867
1103 370.603 60.1119 1062 450.655 124.971
2077 492.698 198.912 1906 520.279 294.755
1106 56.2326 76.123 1225 156.229 39.3239
1110 482.338 178.616 1226 516.849 272.445
1111 362.893 237.352 964 385.394 287.974
1115 197.319 121.998 1189 269.381 125.918
1116 197.319 121.998 1190 269.381 125.918
1118 461.692 240.736 1192 476.766 324.49
1130 469.834 159.72 1241 511.893 250.552
1132 409.607 156.409 1163 455.301 227.295
1134 36.5579 115.906 1308 125.353 69.0953
1139 23.9652 129.013 1611 108.982 77.2365
1142 39.5838 393.092 1370 34.7051 322.663
1143 39.5838 393.092 1369 34.7051 322.663
1147 509.927 149.547 1654 552.116 253.584
1149 462.071 155.826 1417 505.064 244.309
1154 535.221 104.318 1227 590.825 219.477
1156 274.434 229.695 1297 305.38 251.065
1157 274.434 229.695 1298 305.38 251.065
1159 338.188 213.809 1066 370.329 257.556
1161 166.385 158.877 1552 228.87 149.677
1168 281.174 268.436 1400 298.521 289.318
1170 446.843 165.087 1136 487.648 247.832
1171 276.88 176.554 1270 324.58 202.342
1172 276.88 176.554 1269 324.58 202.342
1175 94.7333 380.174 1515 88.8828 329.886
1177 98.3874 424.225 1335 77.3023 371.562
1179 145.727 310.646 1145 159.162 283.149
1181 144.839 276.578 1100 169.603 251.256
1188 273.556 388.855 1682 250.273 399.798
1190 499.542 213.951 1632 521.556 311.536
1205 528.971 354.775 1073 502.902 454.698
2075 134.397 171.696 2923 195.671 151.119
1215 488.169 231.639 1460 505.141 324.109
1216 258.819 167.109 1397 311.114 187.593
1218 104.619 169.284 1284 168.819 139.156
1219 104.619 169.284 1285 168.819 139.156
1220 10.4627 168.137 1604 85.0154 110.411
1222 628.679 293.226 1165 620.876 431.687
1223 628.679 293.226 1164 620.876 431.687
1226 401.1 125.457 1560 456.26 194.931
1227 444.595 158.102 1277 487.905 240.467
1229 37.8839 416.881 1738 25.4497 343.777
1230 104.557 426.483 1210 82.1433 375.866
1233 265.306 167.37 1353 316.942 190.065
1234 505.806 139.116 1299 551.91 242.871
1238 149.626 261.822 1620 179.016 239.161
1242 74.8056 436.612 1442 51.5861 375.133
1246 420.784 348.78 1505 402.387 411.59
1247 55.3831 204.081 1237 112.896 155.216
1254 488.624 160.162 1467 528.458 256.665
1260 325.978 334.284 1637 318.112 365.953
1261 271.83 163.435 1273 324.42 188.776
1262 290.783 261.238 1371 309.517 285.587
1276 531.539 163.987 1580 568.202 274.893
1280 331.86 192.441 1172 370.678 235.622
1284 540.688 120.124 1725 592.025 236.175
1287 617.762 319.459 1835 601.799 453.373
1291 16.5551 157.217 1594 93.8767 100.026
1295 436.298 175.634 1484 470.639 252.76
1301 403.93 404.303 1470 367.135 458.049
1303 270.211 167.439 1413 322.861 191.994
1306 497.211 89.9401 1352 559.761 193.722
1307 462.246 176.42 1276 498.511 263.529
2038 511.011 51.644 2019 585.441 162.355
1325 269.523 302.65 1673 276.416 316.95
1332 183.006 163.919 1481 242.643 159.78
1333 326.253 328.686 1506 320.167 360.519
1346 315.94 186.83 1341 357.723 224.752
1350 492.384 322.31 1266 478.996 411.21
1357 479.344 213.446 1349 502.542 303.979
1360 124.74 259.812 1498 157.229 228.607
1377 142.4 351.818 1267 142.157 319.513
1386 492.283 248.507 1629 503.143 341.939
1389 366.884 181.033 1608 407.692 236.326
1392 569.143 143.525 1461 612.662 267.56
2027 404.933 387.526 1588 373.901 443.301
1408 285.041 203.351 1724 323.701 230.076
1409 400.751 155.699 1488 447.098 223.664
1413 201.771 164.787 1761 260.196 167.118
1423 166.502 392.977 2006 149.995 365.817
1431 84.0633 424.835 1435 64.0557 367.367
1432 84.0633 424.835 1436 64.0557 367.367
1434 492.405 271.71 1177 496.216 363.241
1438 405.417 50.0728 1376 485.859 126.863
1440 61.208 83.7114 1677 158.078 47.8021
1443 488.103 351.229 2036 465.401 437.122
1448 190.721 164.442 1752 249.857 163.174
1449 465.31 169.041 1859 503.733 257.317
1461 327.323 208.683 1378 361.118 248.712
1466 234.189 29.0399 1641 333.548 52.8682
1472 451.884 238.138 1551 468.181 317.827
1473 6.93183 287.084 2121 41.3079 214.954
1474 6.58793 385.741 1530 8.19411 305.625
1478 182.469 173.691 1659 238.725 168.99
1482 189.918 176.257 1807 244.982 173.578
1489 340.314 305.865 1524 341.629 344.744
1493 130.705 289.862 1401 152.415 258.833
1500 33.7382 82.598 1793 134.004 38.387
1505 93.8413 160.921 1918 162.769 128.358
1507 512.316 159.16 2300 551.885 263.825
1516 292.679 27.8689 1597 387.521 70.0904
1517 577.948 347.16 1884 553.775 465.351
1518 577.948 347.16 1885 553.775 465.351
1524 513.393 57.4437 1767 585.747 168.514
1527 492.351 152.763 1540 534.987 250.818
2008 56.8292 211.609 2592 111.378 162.45
1542 286.556 167.525 1858 337.11 197.202
1545 58.9746 398.029 1363 50.2184 333.862
1548 517.344 145.382 1600 560.471 252.632
1561 272.089 317.191 1575 272.934 331.448
1562 170.148 429.015 1429 141.519 400.952
1580 439.126 99.1492 1775 501.347 183.278
1584 555.204 268.39 2080 557.099 381.674
1585 44.4745 430.375 1578 27.4504 359.756
1590 630.453 308.002 1789 617.951 446.721
1596 194.374 125.598 1355 265.75 128.347
1597 194.374 125.598 1356 265.75 128.347
2000 578.886 354.606 1746 551.758 472.864
1602 43.3242 416.331 1696 29.7785 345.457
1604 72.7927 394.799 1995 64.1355 335.621
1612 455.224 100.093 1364 516.658 189.396
1613 514.586 102.255 1538 572.334 210.743
1617 492.038 136.084 1716 540.29 235.397
1623 573.978 347.026 2317 548.968 463.864
1624 484.17 112.735 1619 539.992 211.377
1634 12.244 192.064 2917 78.0221 130.62
1641 355.999 386.069 2543 328.407 424.832
1643 492.311 194.949 1625 520.848 291.638
1655 28.8027 195.607 2145 92.222 138.993
1658 479.055 366.315 1221 451.104 448.983
1665 340.44 264.727 2110 354.794 305.983
1670 139.68 190.193 2127 194.154 169.952
1672 111.696 387.843 1614 101.851 342.758
1678 542.953 116.615 1669 594.858 233.915
1683 68.9026 378.676 1812 65.1476 319.444
1696 357.32 389.638 1907 328.748 428.937
1708 532.457 285.73 1703 529.026 390.404
1972 227.772 89.3618 2516 308.342 105.903
1713 562.944 277.685 1652 561.632 393.744
1737 149.693 108.465 2274 230.194 98.8699
1741 36.0352 395.195 1743 30.8962 323.407
1743 243.305 163.641 1826 297.966 179.122
1957 126.178 322.669 1342 137.924 287.215
1758 414.009 174.699 1938 453.411 245.955
1762 510.756 259.77 2047 516.638 358.018
1766 292.87 157.793 2435 346.059 190.239
1767 468.995 394.39 1543 432.221 470.88
1768 142.878 90.6056 2070 229.911 79.7153
1769 374.778 223.323 2985 399.223 278.229
1771 529.182 226.675 2297 545.521 333.127
1774 144.631 286.822 2442 166.603 259.838
1777 51.0493 411.418 2122 38.8648 343.401
1778 51.0493 411.418 2123 38.8648 343.401
1785 586.964 156.561 1154 624.266 287.116
1786 133.197 224.652 2195 176.523 198.607
1787 23.8419 195.483 2148 87.329 137.213
1802 419.945 84.2663 2167 488.497 163.569
1823 492.284 190.154 2107 522.625 286.421
1824 97.8037 437.161 1963 72.2815 383.179
1833 481.1 131.555 1815 531.206 227.618
1850 163.131 406.282 2241 142.543 377.302
1952 496.983 104.933 2444 554.705 207.593
1867 355.51 207.522 2617 387.956 257.346
1869 514.13 72.4873 1778 581.141 182.728
1872 505.353 100.062 2079 563.747 206.166
1882 65.9557 404.873 1301 54.2692 342.831
1889 583.917 347.188 2760 559.055 467.711
1911 335.587 176.342 1569 379.84 221.604
1942 42.0734 413.529 2212 29.6674 342.563
1944 53.2971 85.3737 2769 150.666 46.892
1854 297.869 117.041 1919 364.582 154.485
1754 134.545 54.8739 1699 233.971 44.384
1710 81.4663 120.688 1923 152.979 83.2118
1600 359.847 123.217 1148 420.426 180.331
1537 91.3029 33.1836 1753 201.848 11.5766
1402 327.147 9.94201 2189 426.648 64.4039
1320 302.73 158.15 1534 355.885 194.291
1211 81.1263 117.257 1447 164.323 84.2532
1104 76.0794 66.7509 1116 177.076 36.9337
1065 309.327 21.0245 1518 406.102 68.7007
1064 309.327 21.0245 1519 406.102 68.7007
988 92.5883 68.5372 1094 191.287 44.0206
920 237.989 118.738 912 307.839 135.814
914 70.0552 39.1572 904 180.451 10.3384
877 158.906 41.427 1008 261.018 40.1083
871 178.343 10.2296 1056 289.049 18.1434
858 270.179 119.755 975 337.198 147.573
830 268.04 62.4392 986 354.627 93.6566
744 211.24 117.528 828 283.342 126.12
729 125.925 32.0495 842 233.592 21.1905
2191 101.661 101.324 2009 187.799 76.442
643 279.23 120.913 664 346.078 151.644
634 345.542 153.406 649 397.015 203.681
617 32.1418 112.257 1150 120.987 64.5426
603 239.947 23.0523 665 341.031 48.8191
2228 36.6799 85.0415 1929 135.159 41.4001
579 358.788 175.715 952 402.136 228.947
571 308.941 57.535 607 393.886 102.549
561 309.128 146.549 660 364.796 185.42
551 131.827 54.8767 636 231.135 43.6568
506 284.28 115.362 537 351.636 147.722
436 368.136 124.443 533 428.124 184.1
418 156.911 98.3691 524 239.944 90.9815
417 156.911 98.3691 525 239.944 90.9815
416 115.912 114.918 280 196.372 92.7685
2430 70.5427 113.678 1989 142.863 72.3299
2443 288.569 136.753 2150 347.941 171.967
372 287.509 121.758 428 353.213 155.172
371 287.509 121.758 427 353.213 155.172
368 161.111 31.1809 425 266.541 31.3206
348 188.527 117.923 579 262.458 118.449
270 92.4868 43.6613 323 199.293 21.2588
262 290.178 113.278 317 358.788 148.349
247 267.3 33.6217 277 362.707 67.2207
207 298.294 34.7502 227 391.321 78.1427
167 243.382 30.5121 166 341.625 56.6073
155 50.6681 102.857 161 140.154 61.3888
42 82.1279 69.689 45 181.038 40.8954
19 250.671 74.5793 20 334.383 99.5647
15 93.1137 112.239 14 175.396 82.9889
11 279.832 118.097 12 347.933 150.395

