567.641 135.885 580.036 140.912 326.781 167.395 338.925 174.134
565.474 124.889 567.621 134.089 325.564 156.869 327.703 166.069
554.214 129.927 560.097 147.306 314.847 162.041 319.17 178.222
491.847 108.801 494.72 121.065 253.746 133.859 256.037 145.993
487.034 78.9949 488.832 91.0251 245.425 98.0439 247.48 124.963
523.065 87.8661 609.902 130.201 287.303 116.502 371.235 167.614
641.761 213.594 688.792 232.517 400.932 253.141 437.965 271.072
665.798 137.788 688.964 224.743 422.122 180.169 439.433 269.916
680.716 150.512 692.86 157.252 434.877 192.196 449.426 201.321
652.108 150.789 666.434 158.156 433.863 206.226 448.844 215.259
680.731 167.801 690.296 202.919 433.19 206.961 448.705 289.06
703.085 250.792 722.178 258.564 450.174 289.643 468.261 298.464
722.683 260.086 731.407 292.161 467.963 300.008 474.389 330.13
726.18 258.951 734.519 289.86 471.066 298.19 477.708 330.856
751.344 269.229 765.251 275.437 473.367 298.336 506.621 316.686
767.06 273.848 784.167 280.575 508.263 315.401 521.368 321.162
791.44 293.9 796.669 316.848 527.775 339.068 532.92 356.024
770.979 310.068 798.174 318.435 513.019 350.942 531.939 357.184
740.137 303.563 798.086 321.727 482.001 341.998 511.068 352.817
717.579 273.099 724.606 305.117 468.084 327.987 470.056 340.992
707.156 267.551 722.096 272.724 455.064 305.881 467.289 312.463
707.084 268.976 719.665 312.098 459.837 336.037 462.755 349.055
474.459 44.9153 486.484 110.095 241.817 67.9024 244.333 88.9602
373.947 3.10343 451.746 41.5932 138.152 10.7592 221.492 63.2176
430.173 50.5896 443.002 55.996 210.979 74.0324 227.882 85.1784
444.784 55.8705 452.231 100.962 210.988 74.927 214.536 122.96
384.176 74.5794 470.179 110.571 135.834 82.3131 212.905 123.179
366.748 22.0333 374.751 71.0996 132.662 32.0182 135.301 81.0376
369.219 19.5205 401.364 34.2026 135.817 29.3108 168.303 48.4859
401.447 35.9431 402.732 46.0342 168.045 49.9988 168.346 61.0178
390.678 56.7338 407.877 64.2795 154.794 70.3827 176.086 81.8402
388.617 43.8725 390.919 55.0167 153.593 56.9198 155.223 68.9699
415.214 67.9611 418.686 87.0571 179.628 84.947 181.318 104.973
445.312 51.3255 463.189 59.5907 102.056 4.90805 226.741 80.4273
378.458 36.0671 381.311 59.0854 143.93 46.0027 144.872 70.005
373.741 73.6166 469.623 113.896 135.652 85.6496 231.105 136.804
459.925 63.0129 467.868 109.023 225.762 85.0202 229.742 132.022
465.648 40.0592 544.846 510.858 232.055 63.0955 267.42 413.059
543.72 512.04 556.032 597.995 268.565 414.05 289.669 597.923
496.254 155.357 625.798 206.511 255.399 181.185 384.798 242.934
487.068 112.171 498.05 172.174 253.803 183.023 255.408 197.068
508.132 182.641 534.276 192.25 264.968 209.068 289.306 220.339
539.287 200.938 548.191 242.175 294.59 228.916 300.6 271.057
550.01 242.957 559.905 245.386 302 272 311.86 275.406
567.637 242.884 570.234 257.14 320.241 273.988 320.836 286.008
608.843 114.31 653.918 137.161 371.488 152.226 412.837 178.258
708.777 197.734 714.11 213.305 455.39 223.908 462.757 255.057
717.852 216.337 791.23 248.476 463.714 254.32 518.734 286.486
706.095 180.811 724.095 189.811 456.961 223.064 474.188 233.695
690.982 234.005 713.921 320.021 439.33 270.935 496.326 558.935
744.98 536.861 765.984 533.884 477.155 563.753 495.017 560.084
704.987 531.723 759.009 529.188 439.977 559.664 484.017 557.228
703.598 533.093 709.577 558.866 438.826 561.021 440.666 575.918
761 551.956 771.999 551.896 490.006 577.227 499.999 576.955
772.778 553.057 781.753 587.805 500.365 578.12 504.13 597.975
522.28 92.9393 531.63 136.08 285.812 119.889 292.141 166.118
512.924 132.176 620.198 178.543 293.978 166.038 320.006 180.99
494.929 122.177 560.74 148.645 273.115 155.782 290.125 164.764
521.638 105.856 527.77 133.052 284.443 134.935 288.26 160.962
582.815 158.411 619.948 175.114 341.525 191.854 375.989 211.02
654.6 189.838 678 201 407.901 227.163 428.982 240.029
649.647 168.842 654.297 187.928 404.445 207.907 408.207 225.957
620.268 179.922 627.512 204.851 379.741 192.972 382.148 219.152
628.028 181.936 676.317 203.284 383.809 218.35 428.201 242.633
675.273 204.913 681.106 223.284 426.911 244.019 430.558 261.094
634.258 180.478 653.912 190.178 389.439 217.261 407.868 228.222
651.767 247.072 657.799 266.755 401.94 284.015 406.33 301.171
635.689 265.622 643.689 269.622 397.624 308.704 407.119 313.777
668.385 292.624 677.139 287.225 417.011 327.017 423.531 322.826
664.792 251.052 669.805 271.049 413.864 288.03 418.087 307.201
671.713 251.817 679.499 282.129 420.303 288.939 426.736 321.053
678.798 283.572 698.202 290.428 428.106 320.751 444.17 327.602
697.767 292.068 703.629 312.109 443.109 328.977 447.124 348.183
657.054 303.866 664.985 307.038 336.789 318.661 452.724 356.826
516.193 267.314 586.945 287.197 267.152 294.556 331.764 316.689
519.101 281.602 571.056 294.777 288.266 315.131 338.179 330.417
565.187 297.102 587.83 301.818 314.062 326.769 336.783 332.816
564.478 298.915 572.845 346.028 313.229 327.971 319.253 375.968
558.951 298.811 569.53 352.093 307.98 327.86 315.02 377.14
638.956 228.01 648.463 268.892 391.088 265.986 397.451 304.926
664.736 271.048 666.56 281.08 411.458 286.046 414.188 318.069
650.01 230.976 668.207 238.5 398.615 265.778 417.05 274.899
498.224 163.423 631.187 215.566 254.777 188.463 352.913 234.403
654.347 306.922 673.336 391.925 395.142 306.977 399.002 331
643.384 273.896 649.645 297.096 391.537 306.881 397.145 332.189
578.091 222.372 589.131 249.355 328.169 240.122 333.265 274.961
621.267 226.172 626.627 249.087 373.391 260.103 377.112 281.981
623.322 224.906 627.493 239.148 375.627 259.863 378.509 273.107
633.048 227.989 641.237 264.947 386.982 260.003 394.35 303.941
502.582 140.571 511.701 131.693 260.765 167.693 271.57 159.438
654.952 243.114 669.007 248.984 402.82 278.394 417.874 285.276
529.971 239.11 544.967 243.124 281.719 266.889 297.989 272.033
525.331 223.937 528.024 238.184 279.197 249.981 280.68 265.032
634.049 336.99 638.387 357.92 379.811 369.029 383.271 391.959
641.015 337.997 646.084 363.984 385.94 369.833 390.76 397.043
670.198 322.951 674.488 340.128 415.791 360.04 418.502 374.096
675.382 345.146 681.739 372.062 419.611 381.066 423.689 405.053
715.874 390.688 723.968 392.172 452.059 424.348 464.954 425.51
712.253 336.932 722.14 373.963 463.871 410.89 465.519 423.934
707.719 332.817 717.97 373.008 449.88 367.813 458.629 409.079
696.944 334.014 706.922 375.019 439.886 368.021 447.73 410.866
625.857 374.891 640.949 377.317 369.913 406.459 383.977 409.121
616.789 332.041 621.496 356.099 367.361 390.073 369.066 404.992
637.021 319.996 638.84 331.026 384.039 352.022 384.341 364.992
629.839 317.037 633.33 332.155 376.056 347.987 379.744 364.059
622.117 358.167 624.928 373.014 360.065 342.992 366.324 386.956
590.085 302.67 612.161 308.379 336.939 333.198 360.18 340.422
620.832 331.814 626.234 355.948 367.682 366.051 371.191 387.969
624.29 333.143 629.327 358.136 370.534 366.076 374.085 387.986
592.903 300.368 654.799 316.76 339.134 330.604 387.981 347.057
671.267 321.055 695.063 327.776 416.031 355.894 451.911 366.306
678.919 347.019 684.881 371.788 422.285 380.944 426.985 405.003
673.042 373.745 704.99 379.061 416.043 406.725 426.931 408.438
674.011 376.931 694.945 380.335 414.943 409.254 442.138 415.388
723.479 394.887 726.376 407.148 462.4 429.938 464.13 441.134
686.409 348.15 693.214 374.946 428.921 379.814 434.642 408.072
642.219 314.953 653.746 368.055 388.977 350.835 397.481 401.088
653.89 369.448 668.017 372.929 398.884 402.444 409.912 405.336
461.986 204.054 480.028 208.897 213.136 221.595 240.122 230.635
481.774 209.948 482.381 219.041 239.502 232.032 240.136 241.991
463.885 224.96 480.999 227.009 217.038 247.853 233.019 251.926
448.904 213.035 453.929 227.026 201.641 232.978 202.157 247.995
388.948 192.167 450.228 211.269 140.786 208.541 200.032 231.92
382.822 132.022 388.817 180.023 137.057 144.049 140.355 207.034
381.992 128.022 417.346 141.062 139.412 142.133 174.169 158.644
416.834 143.029 420.196 162.141 174.558 159.938 177.012 182.109
424.396 138.924 429.198 163.962 182.703 152.961 184.742 185.021
283.837 84.4465 422.023 134.937 35.6692 84.6967 181.118 153.75
282.333 76.9927 283.127 112.997 35 75 35 83
283.271 75.2792 420.983 127.046 36.6878 75.6476 236.105 171.782
476.705 157.048 486.451 216.927 234.416 175.051 239.229 229.98
439 204.054 460.999 203.859 215.993 227.023 229.894 231.342
382.994 125.015 423.108 139.705 185.79 160.445 224.642 178.76
426.903 136.246 468.19 152.518 186.914 156.179 227.238 175.504
448.317 222.267 452.923 234.03 206.179 230.976 208.603 248.919
459.419 233.129 469.911 238.184 210.693 255.526 222.69 262.531
471.373 238.498 478.893 232.858 224.17 262.237 234.751 254.653
291.193 207.27 501.982 263.067 34.953 216.14 248.959 288.121
608.85 118.034 621.663 173.848 371.607 155.885 374.083 168.984
754.083 380.976 757.225 391.935 488.557 398.07 493.584 429.908
745.809 393.787 760.176 397.276 482.883 428.703 491.964 430.216
736.63 357.834 745.673 392.086 475.582 392.874 482.985 427.003
550.442 318.095 555.198 345.966 302.143 351.982 305.331 377.959
538.834 346.936 557.943 350.322 285.884 375.537 303.908 379.425
554.596 485.899 559.89 517.019 271.691 346.038 294.929 537.009
519.773 108.842 523.887 129.023 282.354 137.955 284.865 157.891
467.195 405.965 470.979 427.004 209.533 431.955 214.167 487.07
453.043 402.75 466.005 404.972 193.922 428.419 207.994 431.032
412.917 396.738 449.897 400.912 153.974 421.182 193.033 426.769
413.015 386.863 514.039 397.638 154.07 410.504 259.092 425.349
502.034 406.641 518.976 408.249 244.992 434.074 262.905 435.919
501.414 407.938 511.732 476.89 244.248 434.972 252.197 504.978
496.349 409.942 507.544 477.076 239.4 436.952 247.65 505.042
482.055 405.696 495.17 408.059 224.061 432.635 237.031 434.812
480.059 406.982 483.018 464.037 222.074 434.098 223.186 488.998
469.502 428.918 475.697 466.886 215.029 504 215.235 489.989
425 476.014 473.004 476.722 162.001 503.925 214.002 504.875
496.999 483.85 529.005 483.604 160.984 511.85 266.977 512.724
426.991 480.733 527.012 481.373 163.999 509.047 266.009 510.312
293.945 264.943 299.893 364.006 32.468 281.005 33.0642 391.025
301.045 366.617 524.004 392.964 33.9355 385.424 265.287 422.406
530.065 482.99 531.261 490.961 270.215 511.973 271.358 520.954
451.72 400.905 454.909 425.012 193.762 429.023 196.095 453.088
354.967 51.9 362.767 49.3 116.051 61.18 124.907 58.6709
351.414 39.9308 353.447 52.0925 114.54 45.9749 115.191 59.9911
298.968 16.0732 351.185 38.5718 59.8962 15.1827 112.844 45.2744
317.351 28.282 335.036 36.927 57.6677 19.5953 109.318 48.4296
350.405 58.9603 353.654 92.034 111.043 50.9988 112.521 103.014
354.974 72.0031 357.131 90.1035 116 100 116 92
343.032 147.9 358.112 152.645 57.6813 141.739 118.094 167.783
363.295 150.967 370.322 213.964 117.833 169.006 120.002 229
308.284 131.154 363.138 149.589 106.376 157.307 117.39 163.281
334.882 39.2655 345.084 43.8104 97.2081 44.6694 108.243 51.6143
509.886 208.828 513.06 225.182 263.194 215.081 268.366 253.222
507.213 189.373 533.852 198.435 264.889 216.248 288.977 227.051
462.836 185.03 465.559 200.08 214.85 201.896 217.174 220.979
448.368 177.092 451.259 196.962 204.781 216.038 205.608 198.981
441.752 156.879 447.251 190.96 200.515 191.95 202.732 215.026
431.721 156.031 433.072 168.104 188.3 170.977 189.446 185.966
443.763 156.758 448.624 172.119 202.45 178.943 204.254 193.095
449.885 172.364 457.731 174.848 205.813 193.371 217.391 199.227
356.079 171.094 360.071 209.993 110.94 183.958 112.826 226.008
347.085 167.69 358.085 170.69 99.0806 179.754 109 183
345.809 169.021 350.392 210.068 97.8098 181.004 98.7257 221.984
341.119 149.044 341.815 162.959 94.3668 176.991 95.5225 222.012
327.024 159.922 340.016 163.948 75.7815 168.523 93.0999 175.761
759.398 452.9 765.184 475.954 488.36 463.925 497.406 507.124
746.942 423.512 797.968 429.286 482.096 456.219 535.034 462.723
749.087 432.222 752.465 446.13 469.449 393.102 481.067 455.988
771.786 432.054 783.684 478.826 505.073 466.985 513.686 508.859
747.988 428.109 771.037 430.663 485.031 460.747 506.287 465.406
754.251 452.186 760.444 477.138 487.73 483.057 492.774 507.047
317.152 44.5949 334.031 50.9179 75.9877 47.0242 109.767 63.7
314.735 29.933 319.304 80.0635 75.7589 47.9914 76.1898 86.0092
328.604 53.9468 331.164 82.9855 88.8807 58.995 89.0568 89.9997
317.818 50.5197 327.083 53.7624 77.0909 53.8182 87.0909 58.8182
333.522 52.0386 336.185 84.985 93.9514 57.0002 94.1012 94.0036
336.794 86.5764 352.884 92.326 96.0484 94.898 111 102
455.953 426.612 468.035 427.541 199.063 458.708 208.074 460.66
456.407 434.078 461.376 472.082 197.381 459.959 200.589 500.037
462.959 473.619 470.99 474.155 201.959 501.619 210.985 502.221
466.819 432.868 472.156 465.975 208.418 461.957 212.424 500.956
574.784 442.034 579.729 473.043 315.393 465.093 321.332 503.949
574.993 435.133 582.973 435.532 316.959 464.619 326.052 465.226
584.98 435.817 592.858 478.026 327.695 466.9 333.631 508.053
585.237 412.957 596.731 476.049 328.528 442.066 336.941 507.018
667.018 422.774 677.033 423.594 330.058 441.543 419.017 452.864
678.298 416.161 686.753 453.057 420.021 453.996 436.057 545.99
690.512 485.892 697.314 518.145 427.553 514.908 432.756 546.041
634.984 481.746 687.009 481.705 370.977 513.929 425.992 515.318
625.329 460.221 632.547 482.149 365.786 483.877 368.625 502.059
614.628 435.962 617.179 478.05 356.444 466.989 357.436 507.014
606.795 422.098 612.946 435.026 349.799 453.655 355.115 465.95
604.944 424.008 612.196 476.973 347.448 455.057 352.666 505.932
596.981 477.758 610.997 478.108 339.995 507.141 350.982 507.525
558.379 439.911 564.061 473.991 301.504 470.942 305.309 503.964
539.97 407.263 583.978 412.198 284.009 435.936 327.997 442.021
680.938 416.659 733.943 421.612 419.002 447.986 470.94 454.478
537.992 395.068 733.03 417.742 281.912 423.613 473.138 451.04
617.194 427.153 622.3 454.132 359.314 456.094 363.149 484.116
619.317 424.934 625.427 454.12 361.536 454.911 366.399 484.1
595.287 509.547 608.729 502.485 332.132 540.251 352.972 531.759
553 481.956 594.003 482.092 293.002 510.862 330.008 511.281
551.995 485.119 583 484.943 293.005 513.782 326.011 514.513
635.962 487.007 638.753 503.043 374.921 516.84 377.565 532.076
640.012 504.171 652.948 503.261 379.003 533.171 392 532.971
629.794 514.446 654.144 505.388 369.185 543.48 392.236 534.614
607.953 483.778 612.195 501.955 348.991 514.001 351.04 531.115
583.796 444.035 589.143 474.975 325.755 472.032 330.071 504.991
422.122 313.987 424.085 331.991 167.367 335.974 168.703 355.021
397.121 308.394 420.965 313.173 140.006 328.975 165.978 335.095
394.066 311.097 396.143 331.089 138.693 329.964 139.487 353.027
397.957 332.258 421.958 336.254 141.028 353.759 166.877 358.818
599.442 134.897 606.684 165.84 357.038 160.149 362.419 194.935
590.074 143.981 594.147 159.962 348.886 178.019 351.6 194.068
585.844 127.713 588.29 134.901 345.941 161.765 347.765 169.059
576.058 125.99 578.235 138.961 335.82 160.036 338.18 171.964
765.11 277.258 774.275 308.921 508.972 332.006 512.477 347.895
456.686 301.042 459.511 322.066 204.164 321.022 205.109 347.022
441.905 329.692 461.938 332.449 184.071 351.705 207.902 357.408
425.02 329.887 491.858 341.797 185.917 356.368 257.149 372.337
425.004 332.979 509.943 348.314 171.171 356.244 255.913 375.384
291.782 215.849 377.067 237.74 34.7234 224.839 190.284 276.138
444.09 262.655 480.228 272.131 192.766 284.738 235.867 298.418
454.131 272.414 475.197 277.12 206.13 296.527 224.141 301.49
475.806 279.046 478.575 290.865 225.245 302.957 227.522 315.908
481.097 299.834 484.326 336.1 228.037 329.997 230.744 363.941
764.701 287.78 771.336 308.894 504.957 327.778 509.676 348.075
480.148 67.6981 521.926 88.1518 287.033 119.946 325.745 143.42
432.683 70.9056 435.744 93.0354 197.978 111 198.02 89.998
441.875 75.0214 445.125 93.9786 206.188 93.9833 208.149 115.987
720.471 325.157 726.97 347.009 462.426 362.15 468.45 385.144
722.063 324.763 796.835 344.622 464.213 361.332 529.015 381.953
685.143 329.961 688.359 341.903 429.174 364.962 431.347 374.924
639.953 446.009 645.613 475.075 380.753 475.035 385.03 505.138
644.536 445.896 650.182 474.965 385.069 475.989 389.875 505.859
277.001 0.999911 281.091 64.9942 34.4515 63.9924 35.3297 1.0046
281.722 66.7159 302.67 74.8502 35.7954 65.3785 57.8409 77.2944
298.828 23.0149 303.256 74.0645 58.8492 75.999 59.0968 39.9938
336.075 285.991 338.159 303.102 77.7089 302.02 78.8486 319.01
354.619 291.038 355.902 304.01 97.8971 321.998 98.2283 306.983
357.02 288.902 376.817 292.904 99.9297 306.283 120.879 311.488
388.609 244.926 393.983 289.002 137.502 267.975 139.567 308.971
326.051 238.78 384.894 252.456 70.0252 251.915 133.718 270.943
321.966 277.16 377.041 288.806 70.983 294.064 122.075 307.721
378.308 292.961 382.236 324.096 122.588 311.948 125.527 345.042
337.852 304.727 354.958 308.207 78.1148 322.399 96.9993 326.004
338.435 305.965 342.621 358.03 79.0599 323.999 80.3344 378.016
674.193 149.955 678.194 167.187 427.375 185.921 431.799 207.042
484.455 559.924 488.137 581.977 223.79 588.816 225.937 598.015
442.045 562.453 486.012 558.12 175.071 593.926 222.041 589.381
316.025 553.739 425.002 550.06 37.0379 588.628 161.166 582.097
314.997 549.937 494.028 542.741 35.9458 584.119 234.058 571.939
505.955 541.408 542.969 538.597 234.926 569.66 284.965 568.388
634.556 373 634.556 365 377.491 406.89 379.398 398.086
486.111 434.129 491.187 468.973 228.012 462.999 231.687 501.03
491.943 473.447 502.034 474.732 232.969 502.68 242.994 503.136
497.897 437.016 503.566 473.913 239.544 463.935 244.088 501.989
501.903 195.018 515.824 272.032 256.441 211.061 265.282 292.078
536.688 203.827 542.313 226.173 289.176 233.109 291.815 253.025
554.896 415.866 556.941 434.018 297.42 444.916 300.854 462.029
546.786 413.039 550.27 432.133 289.615 438.049 292.296 458.962
654.153 442.011 658.915 472.014 395.381 474.959 398.305 499.113
662.204 426.952 665.465 440.891 406.691 456.885 415.035 506.994
652.028 421.795 663.941 423.431 392.034 453.586 401.055 454.338
633.226 415.946 638.527 438.113 376.117 449.978 379.579 468.081
657.031 445.202 663.472 476.11 397.659 477.05 400.697 497.898
520.2 416.039 520.924 430.955 262.137 446.114 269.902 506.918
518.628 432.061 525.79 476.034 260.287 450.078 266.395 506.066
712.129 375.163 714.724 389.052 452.206 409.124 454.386 423.096
689.863 349.034 696.264 375.18 432.746 384.052 437.688 408.064
442.121 57.1036 443.748 70.9118 208.654 89.9402 211.41 120.054
430.824 65.3805 442.176 70.6195 195.719 84.6237 204.701 88.6653
428.648 52.0618 430.755 64.0431 194.473 67.9516 196.015 82.9985
425.859 51.0198 431.64 92.0507 191.722 68.0209 193.368 89.9724
759.061 391.624 792.005 396.967 495.009 425.954 525.186 432.086
746.987 419.109 797.963 425.308 481.034 451.752 535.027 457.704
584.135 208.043 584.534 216.023 338.232 241.186 341.595 255.098
540.683 186.827 582.983 203.045 297.885 216.241 339.044 235.907
542.236 184.379 589.288 202.242 299.074 213.842 343.214 234.544
498.025 167.934 542.042 184.891 256.122 193.746 298.047 213.902
541.677 188.066 551.5 236.102 297.677 217.047 304.811 266.027
775.19 367.22 781.423 390.157 510.461 403.119 515.337 425.147
789.682 375.772 793.802 388.066 522.64 407.067 525.621 423.071
791.333 367.91 796.719 387.805 522.957 393.818 528.123 420.977
750.022 343.923 778.033 351.885 489.101 380.679 505.085 385.733
764.753 358.744 772.896 382.695 501.305 393.922 507.634 418.839
766.949 389.268 791.996 394.023 501.871 423.551 522.894 428.454
396.915 253.317 433.017 262.935 143.792 271.606 182.08 284.769
333.547 468.024 337.553 523.026 62.9373 496.001 64.3411 555.016
339.013 524.212 354.018 523.286 66.0127 555.308 81.0284 554.69
346.812 446.017 353.763 522.022 79.4904 469.982 82.5558 552.979
331.02 438.568 393.027 441.402 61.9587 463.381 131.046 467.247
394.404 442.956 402.866 527.029 131.183 468.988 136.669 555.958
389.57 447.05 398.789 526.025 125.674 471.953 131.604 557.028
347.926 445.98 367.963 447.487 105.019 469.701 124.006 470.9
368.711 446.949 375.963 524.914 103.24 471.029 104.028 491.999
351.719 467.028 357.371 524.062 83.6227 494.015 86.0966 556.036
358.988 525.691 390.996 526.248 87.9998 556.985 126.006 556.4
370.028 467.583 387.019 468.707 105.959 494.535 122.018 495.762
300.026 373.077 313.699 547.024 32.7026 392 32.7538 460
402.883 526.042 418.024 524.195 139.019 556.204 155.065 554.694
406.822 405.903 421.509 530.058 145.475 417.966 155.198 552.986
330.58 439.947 332.51 461.045 62.0429 467 62.1572 486.005
334.003 461.114 347.021 460.742 64.0005 486.963 78.9979 487.162
774.286 515.766 784.926 511.8 503.974 542.933 515.197 538.499
767.229 492.185 772.496 514.121 497.604 521.088 502.269 542.162
510.004 507.134 526.99 506.644 238.003 536.269 265.999 535.925
502.737 485.036 505.646 506.049 242.437 514.949 244.662 534.039
569.77 416.832 573.548 434.099 312.784 443.865 316.072 462.988
548.019 411.913 567.92 416.359 291.074 440.689 310.905 445.402
543.619 529.959 544.155 537.99 281.333 555.921 284.23 568.182
526.962 486.002 527.54 497.024 270.146 527.13 273.321 547.951
530.967 503.996 533.128 487.016 272.116 526.023 274.666 513.132
523.949 431.827 533.811 485.852 266.296 459.958 273.684 511.903
700.064 194.211 703.599 209.865 450.818 236.888 452.461 248.937
688.487 185.85 695.383 208.19 440.525 227.881 443.951 243.011
361.593 325.06 365.568 352.064 103.668 346.931 105.237 362.079
373.719 312.925 378.652 360.036 116.805 332.987 117.724 364.024
356.888 309.481 372.002 312.993 100.95 329.266 115.014 331.928
476.185 301.976 480.825 337.893 224.171 325.985 227.285 361.975
458.326 293.952 461.975 319.004 212.12 323.989 215.412 359.055
600.345 316.93 607.855 354.029 345.406 339.914 352.606 373.871
594.444 308.892 605.886 356.028 342.187 340.957 349.764 373.824
530.048 348.716 562.962 354.227 277.036 376.831 349.937 392.298
723.556 558 723.556 550 454.903 585.166 456.387 577.071
684.965 421.164 697.05 423.767 424.018 452.895 437.961 455.235
692.612 426.788 698.627 444.129 432.34 458.907 436.745 475.07
745.498 485.08 747.867 499.861 481.821 512.921 483.272 527.974
705.982 479.527 744.003 478.083 449.002 509.095 478.985 508.381
699.059 449.176 704.663 479.063 441.825 477.032 447.559 508.081
706.013 482.379 746 480.986 440.993 511.86 466.999 512.066
650.632 152.64 661.925 159.13 406.705 192.522 416.097 197.828
679.976 165.047 701.061 175.881 408.208 189.676 421.507 198.211
663.718 161.08 674.527 199.134 418.406 200.111 424.943 235.011
618.058 133.889 651.038 150.926 375.123 169.803 407.85 190.239
651.783 166.807 657.229 188.944 407.204 193.96 414.186 229.964
537.831 263.509 558.843 270.474 288.652 291.884 308.698 299.767
518.719 247.848 535.228 253.311 277.263 276.502 287.15 281.715
560.95 537.2 759.978 524.653 301.054 566.699 490.935 552.149
608.563 131.859 618.782 172.805 367.598 167.898 374.605 208.897
758.733 435.067 762.263 449.184 495.424 466.157 504.653 507.082
673.91 235.248 688.199 240.453 423.212 272.559 437.325 279.321
685.968 244.008 695.844 282.785 434.46 282.099 441.411 319.924
680.109 281.516 693.863 284.611 427.165 317.481 439.835 321.519
596.312 205.299 629.897 220.232 394.896 259.211 422.987 273.026
673.198 239.947 684.078 280.979 422.261 275.949 430.335 316.934
457.459 205.07 459.539 221.06 211.701 227.016 212.648 245.019
738.163 556.963 745.706 590.067 462.203 585.965 464.246 597.958
726.243 543.958 728.879 559.021 458.9 570.895 460.549 585.053
712.79 547.048 716.26 562.17 446.215 571.083 448.017 588.104
339.02 168.998 342.876 206.013 90.8841 220.005 91.097 177.834
331.049 204.78 341.951 207.22 75.7765 215.636 88.9106 220.254
325.67 161.026 329.115 204.071 75.8909 171.001 76.2454 213.998
484.048 429.35 494.989 430.153 226.963 456.668 238.982 457.329
472.375 279.941 473.959 290.006 222.135 304.989 222.948 314.922
455.916 275.332 470.965 279.138 206.022 298.934 221.052 303.841
616.742 234.765 621.599 250.127 369.283 268.945 372.235 284.149
681.767 347.055 687.94 373.014 424.916 381.017 430.23 407.156
595.388 483.918 599.26 502.157 335.64 513.065 339.101 532.163
637.122 217.685 686.667 236.861 389.842 253.327 434.971 275.061
621.925 109.14 691.451 146.153 383.951 148.073 443.588 187.621
426.33 0.374554 687.404 138.235 170.961 1.05851 444.129 182.806
756.997 343.011 792.886 352.432 495.952 380.154 527.048 389.846
722.999 330.007 754.995 337.022 465.066 365.792 529.258 386.188
709.711 449.064 715.479 475.115 446.984 480.003 451.304 505.12
713.41 450.131 718.666 473.853 450.692 481.049 453.866 505.029
482.658 411.054 485.367 428.101 224.929 436.008 227.071 454.992
531.901 309.845 537.958 345.007 283.423 340.066 287.553 373.057
777.018 523.303 798.003 522.059 503.939 550.311 533.969 547.652
775.437 524.134 780.149 543.965 504.247 551.956 507.671 571.059
781.022 545.901 796.988 545.51 508.927 571.467 521.958 569.691
784.029 550.17 798.135 547.802 508.974 575.914 522.269 571.887
782.393 551.167 789.81 578.052 509.164 576.968 513.274 597.946
387.899 188.325 437.763 203.767 142.208 205.47 194.061 225.844
559.911 318.85 565.371 351.939 307.918 348.89 311.765 381.028
414.901 393.843 500.021 403.819 154.096 418.305 262.946 433.392
758.101 264.738 790.88 277.314 447.951 281.104 528.823 319.374
462.859 406.849 466.208 425.964 205.382 433.961 207.311 452.968
610.877 365.759 616.146 384.96 355.537 397.85 360.629 416.104
531.021 351.883 609.074 365.577 277.027 379.878 354.08 396.632
592.534 550.902 595.873 569.023 331.178 580.977 333.368 597.953
589.545 551.079 597.686 598.054 328.219 580.082 330.104 597.989
758.018 286.174 760.996 303.001 502.026 328.996 504.863 346.023
751.844 284.052 758.599 304.135 494.317 325.928 498.909 346.021
322.541 159.956 326.228 200.974 72.877 167.995 73.8092 213.013
309.108 155.636 320.955 159.152 58.305 163.202 70.9809 168.05
308.705 157.005 311.589 198.028 58 166 58.2265 209.008
312.891 199.422 324.867 202.515 59.9955 210.015 73.0475 213.838
662.911 444.788 669.948 475.012 403.664 476.891 408.288 504.953
506.947 545.142 529.982 543.708 242.979 574.742 265.896 577.216
438.017 558.255 543.01 551.066 172.994 589.934 279.072 580.846
439.012 552.642 468.047 550.327 171.971 585.777 206.041 581.309
469.966 547.63 494.039 545.432 206.778 579.367 231.088 575.892
577.734 553.038 580.462 571.933 319.504 581.947 321.194 597.98
359.798 153.912 366.443 214.062 110.827 180.031 111.315 166.974
344.85 162.406 355.825 166.473 97.7992 174.449 108.828 179.385
344 151 345.268 160.966 96.872 162.005 97.2959 173.027
529.645 313.056 534.984 347.002 277.739 340.03 281.712 375.033
266.217 33.0427 297.014 598.054 14.6955 397.998 19.8342 25.0113
666.458 375.898 670.951 396.011 408.766 407.855 413.741 434.049
642.932 371.402 664.982 375.106 387.082 403.615 407.034 407.838
677.253 425.162 688.926 479.016 416.794 454.858 426.471 509.094
300.143 21.6938 315.97 29.0645 75.9544 36.0856 88.2053 42.6149
480.392 56.1167 513.989 71.0239 255.94 86.1387 268.229 91.4729
515.946 273.199 587.768 292.848 266.826 300.521 336.105 323.685
676.74 543.795 680.961 559.011 410.184 572.973 412.202 586.971
658.65 545.067 661.921 562.015 394.316 569.94 398.531 592.089
561.949 549.413 689.041 539.381 302.09 578.869 392.945 569.472
690.03 541.223 699.982 539.866 426.032 568.498 435.991 567.864
335.239 306.976 340.202 356.98 75.754 323.974 77.5809 376.015
320.023 302.906 333.931 306.283 58.9924 319.027 73.9428 323.205
298.093 308.422 318.879 311.755 34.0799 323.591 56.987 328.067
593.101 294.632 653.907 311.339 342.021 325.938 401.1 345.702
609.006 546.999 617.769 598.04 347.119 577.129 350.178 597.974
494.005 411.999 496.613 429.911 236.46 437.938 238.902 456.013
484.016 409.69 493.043 410.141 226.093 436.205 234.972 437.241
538.938 400.515 677.957 417.358 282.99 429.07 417.972 449.189
523.834 556.022 529.281 597.964 261.619 585.038 262.902 598.01
525.019 555.203 543.049 553.527 263.059 584.829 276.988 583.834
689.604 541.085 701.802 598.042 424.885 569.019 429.791 598.035
629.936 228.006 630.891 238.922 384.154 258.975 390.868 301.021
686.799 543.827 698.486 597.895 421.97 570.831 426.723 598.048
684.722 545.046 686.834 557.862 419.86 572.02 421.7 584.9
708.97 536.358 743.987 534.72 452.972 563.719 474.952 561.521
578.965 417.816 582.057 433.989 322.348 447.957 324.348 463.957
311.646 77.0074 312.199 28.9908 68.8314 66.9849 70.6286 46.9667
315.704 78.0271 316.128 67.0049 72.8341 61.0048 73.4384 81.9874
386.174 470.104 392.813 523.023 123.574 532.946 125.384 552.058
384.021 339.998 386.408 361.956 118.674 312.965 122.295 381.985
362.887 360.695 378.948 363.317 100.904 381.481 118.981 385.096
355.428 304.955 361.184 360.085 97.9749 328.001 100.1 379.996
519.748 493.038 521.671 505.9 259.223 521.966 261.195 534.97
461.89 159.845 468.868 200.023 220.32 181.969 223.361 223.97
587.027 414.726 631.977 419.231 330.056 444.559 374.971 450.227
604.81 549.851 613.703 598.055 340.417 577.944 343.111 597.985
429.001 141.996 465.758 155.651 140.895 139.22 182.091 158.808
373.979 462.255 387.055 463.319 106.953 488.888 120.967 489.627
371.476 446.942 373.181 460.978 106.742 473.979 107.114 486.997
398.897 250.369 442.159 262.429 146.839 269.484 190.955 284.137
485.918 308.012 489.941 336.008 233.914 333.008 236.494 361.956
481.632 277.047 483.822 294.023 230.312 297.963 233.03 321.114
372.127 295.072 373.109 306.991 115.648 327.032 116.352 312.968
358.847 304.65 372.057 307.756 101.843 323.724 113.926 326.343
357.45 289.943 359.112 302.986 100.879 310.004 101.276 322.024
504.876 176.341 536.104 187.714 263.04 202.915 295.87 218.279
742.244 359.152 746.445 380.111 481.054 395.99 484.066 412.988
581.413 311.93 583.984 327.003 329.261 341.963 334.162 369.977
654.631 321.084 665.617 369.088 400.573 354.906 408.32 401.947
701.65 229.857 747.717 248.693 449.847 269.31 490.756 289.494
702.816 227.6 717.852 220.678 450.777 267.448 464.899 261.749
719.056 221.871 744.958 233.098 466.13 262.756 489.457 275.139
308.851 150.422 319.887 154.319 57.8613 157.309 70.9253 163.167
307.09 138.99 308.18 148.98 57.8793 155.996 58.2755 143.976
413.302 140.963 419.829 193.898 170.983 159.001 173.842 215.958
538.867 65.2532 617.279 106.469 299.599 92.6099 377.223 143.66
374.458 470.057 379.512 518.051 104.136 494.993 107.305 554.984
731.037 428.994 736.676 461.057 467.988 460.884 473.146 504.983
717.538 448.854 724.655 475.094 455.242 481.953 459.544 504.089
771.119 258.745 778.838 262.347 498.789 293.373 514.753 302.435
703.083 246.789 726.059 255.85 451.093 285.813 471.898 296.205
344.596 60.9431 347.378 90.0594 105.86 98.0068 106.066 72.0005
562.004 541.06 686.021 533.334 301.028 570.4 422.065 561.937
569.72 438.87 573.874 461.842 312.272 468.964 315.172 490.977
576.157 440.326 584.187 442.199 302.925 467.5 310.896 468.695
698.001 485.095 734.007 484.797 435.013 515.352 468.004 514.114
699.112 236.717 783.343 270.136 447.102 275.791 521.117 311.758
611.002 548.026 657.012 544.143 348.991 576.907 393.945 572.447
413.142 314.986 414.958 334.004 159.414 280.971 163.011 332.07
487.934 198.934 489.278 217.98 241.399 217.966 243.518 242.956
549.439 89.1257 598.204 113.593 302.356 114.413 357.916 148.138
352.701 314.035 357.689 356.037 95.4408 341.99 96.2346 377.995
725.503 493.094 727.762 505.045 462.332 520.906 465.513 532.138
768.409 275.887 778.107 310.97 508.982 317.004 515.792 350.043
427.9 133.258 474.282 151.274 186.063 151.872 233.084 174.827
508.113 352.145 512.678 380.053 253.425 375.946 257.391 407.078
501.69 149.776 615.831 195.422 259.935 175.127 310.07 200.863
617.394 123.235 657.936 144.125 375.369 159.418 412.875 183.198
288.108 191.57 309.04 196.842 34.1862 199.464 55.0955 206.725
288.964 194.12 310.826 200.589 32.8076 201.497 52.8937 209.275
368.89 489.011 371.415 513.958 100.775 514.95 102.509 542.031
283.955 95.1268 370.916 126.236 35.8281 96.3673 132.234 141.5
375.932 133.008 385.641 220.04 132.584 143.014 135.677 233.977
372.056 213.808 384.192 217.342 120.855 229.405 133.964 234.101
408.618 139.051 415.83 193.023 166.841 158.008 169.32 208.984
379.779 101.573 470.221 136.427 152.674 121.666 227 158.001
300.996 351.045 320.996 353.041 60.9137 372.636 75.9089 374.671
320.378 315.97 322.742 352.021 58.8573 331.994 59.1427 371.006
297.979 311.119 319.036 314.793 33.9794 326.092 56.9496 331.225
510.679 196.057 515.078 220.986 266.53 222.041 268.619 249.041
292.856 233.613 388 255.999 68.915 254.281 136.126 274.584
390.962 197.004 393.866 223.015 143.63 211.974 144.228 241.017
394.88 224.456 419.987 231.048 146.875 243.415 171.721 250.924
416.845 202.873 420.923 230.012 170.398 221.978 171.862 249.007
314.013 529.195 396.004 528.212 64.9986 560.964 130.119 557.986
425.442 261.944 433.601 325.923 174.524 282.964 179.114 348.992
303.998 397.022 404.02 405.772 34.0121 417.891 143.104 430.067
404.402 407.064 407.955 440.005 143.662 432.023 145.993 466
394.976 441.276 406.996 440.879 131.979 467.258 144.997 466.886
699.93 233.176 769.089 260.777 446.69 271.629 508.083 301.831
302.985 394.178 403.932 402.796 33.996 415.036 145.063 427.435
443.358 401.954 451.361 463.953 187.667 426.942 194.274 502.976
415.171 398.979 424.58 475.052 155.507 422.962 161.406 502.044
542.259 411.955 553.484 477.089 285.683 439.914 293.756 504.031
580.664 146.088 583.556 157.116 338.717 178.807 342 191
723.755 273.836 726.848 288.033 468.365 313.953 469.929 326.009
583.337 247.963 584.651 259.928 334.338 277.958 335.929 290.886
654.963 138.553 663.99 139.155 414.003 179.194 423.001 179.044
502.753 112.658 507.753 123.658 264.269 137.885 268.861 148.632
440.329 0.388795 770.731 178.498 182.091 0.865476 510.631 222.547
611.074 231.195 615.846 253.822 363.64 268.893 366.64 286.893
573.197 208.184 582.145 247.196 332.132 255.287 345.548 297.083
605.307 241.953 609.006 265.999 357.265 275.977 358.9 295.009
599.353 228.919 602.375 242.143 351.832 260.866 354.601 278.064
594.102 228.979 598.515 250.101 346.922 261.011 349.829 282.024
488.563 224.054 491.537 247.933 242.693 264.049 244.749 277.04
510.622 108.689 516.397 128.142 274.777 134.022 276.765 154.023
302.943 373.485 408.024 385.796 34.9264 392.487 149.042 409.719
335.814 48.5249 345.069 51.8062 95.7917 53.3699 106.71 59.516
506.782 192.571 518.051 196.866 265.293 220.296 293.92 232.193
321.021 80.9406 329.974 84.0742 77.9091 86.1818 87.9091 91.1818
551.43 439.09 557.147 475.135 293.694 468.037 298.107 504.109
622.83 455.024 625.964 476.862 363.581 485.048 365.963 506.004
400.979 244.087 499.187 268.24 194.258 276.233 242.221 292.342
566.718 111.757 571.282 125.243 327.513 143.828 332.339 158.222
317.847 280.715 335.125 284.418 58.8352 295.673 77.2035 300.168
374.61 294.933 380.724 362.024 128.246 344.965 131.239 366.108
411.185 346.227 419.524 339.417 154.037 369.06 168.937 359.897
469.473 208.764 474.473 218.764 225.185 234.948 227.694 243.803
644.5 171.784 651.219 187.337 400.265 207.164 404.066 224.208
694.692 349.824 700.8 373.796 437.503 384.908 441.706 407.871
351.017 465.585 369.028 466.312 83.0293 492.197 103.003 492.925
388.963 468.885 394.619 525.041 123.844 495.936 127.704 555.027
333.866 3.29048 367.982 19.0393 92.8561 3.23717 135.082 28.8648
562.439 551.084 569.439 597.934 299.365 567.066 302.584 598.043
692.204 141.63 761.999 180.003 448.135 185.801 508.981 227.028
721.966 214.09 736.745 219.676 468.731 255.633 482.753 261.581
251.738 1.02437 254.44 30.0521 14.9048 1.00124 15.1776 22.0107
754.3 194.431 764.188 199.644 500.559 239.231 516.262 250.639
704.122 176.762 748.72 199.549 455.212 218.662 494.706 243.468
420.183 4.6418 527.372 59.2704 159.516 1.20962 290.965 87.0533
477.979 49.0418 510.833 65.3359 250.018 75.9715 275.882 92.188
660.047 312.831 709.924 328.155 406.006 346.983 452.158 363.697
599.257 486.155 602.543 501.887 339.275 520.268 342.893 530.04
506.255 491.217 510.058 504.274 246.233 524.268 249.366 533.222
733.186 168.657 757.943 182.106 482.292 213.565 503.928 228.107
722.806 172.274 731.956 169.834 472.86 216.506 481.052 214.185
724.24 173.533 741.732 182.522 475.174 217.729 490.591 227.637
749.084 249.246 761.057 245.167 492.166 290.603 504.09 287.327
744.006 236.682 753.996 236.591 489.939 278.459 499.044 279.672
523.873 71.2516 602.926 111.147 289.71 100.461 363.898 147.162
756.05 250.148 768.043 246.128 498.097 292.31 510.166 288.53
712.825 172.463 746.106 189.798 464.369 216.409 490.987 233.02
259.627 85.9819 262.256 176.993 5.17686 179.005 8.47067 72.0145
284.531 118.968 287.756 172.955 33.9559 163 34.0919 125.997
263.696 212.967 267.531 294.022 1.63137 307.017 4.07714 232.022
273.734 415.066 277.41 471.983 1.48032 470.995 2.17411 390.993
610.074 261.774 643.143 272.562 361.003 294.992 389.943 306.147
568.659 553.056 572.11 574.146 306.846 582.021 309.038 597.995
