580 140 567 136 338 174 327 167
567 134 565 125 327 166 325 157
554 129 559 146 314 162 318 177
583 157 580 146 342 191 338 179
494 121 491 109 256 145 253 134
487 78 488 90 249 96 253 116
609 130 523 88 371 167 287 116
621 173 608 118 382 236 370 169
688 232 642 213 437 271 401 253
688 224 666 138 439 269 422 180
692 157 681 150 449 201 435 192
701 175 680 165 448 215 434 206
689 203 701 249 433 206 448 288
703 250 721 258 450 289 468 298
722 260 731 291 467 300 474 329
734 289 726 258 477 330 471 298
751 269 765 275 473 298 505 316
767 273 783 280 508 315 521 321
798 318 771 310 531 357 513 351
728 305 724 290 470 340 468 328
726 288 723 274 469 326 468 314
722 272 707 267 467 312 455 306
707 268 719 311 459 336 462 348
521 88 480 67 286 117 244 90
474 44 486 109 241 67 244 88
455 38 376 0 223 59 129 0
373 3 451 41 138 10 221 62
446 54 460 61 210 74 227 85
452 100 444 56 214 122 210 75
470 110 384 74 212 123 136 82
366 22 374 70 132 32 135 80
369 19 401 34 135 29 167 48
401 35 402 45 168 49 168 60
407 64 391 57 176 81 154 70
390 55 388 44 155 68 153 57
418 87 415 68 181 104 179 85
445 51 336 0 226 80 102 5
378 36 381 58 143 46 144 69
373 73 469 113 135 85 230 136
459 63 467 108 225 85 229 131
556 597 543 512 289 597 268 414
625 206 496 155 384 242 255 181
487 112 498 172 253 183 255 196
508 182 533 191 264 209 288 219
539 200 548 241 294 228 300 270
550 242 559 245 302 272 311 275
570 257 567 243 320 286 320 274
583 247 584 259 334 277 335 290
653 137 609 114 412 178 372 152
714 213 708 198 462 255 455 223
791 248 717 216 518 286 464 254
734 196 763 209 474 235 506 252
706 180 723 189 456 223 473 233
755 490 717 334 496 558 439 271
744 536 765 533 477 563 494 560
704 531 758 529 439 559 483 557
709 558 703 533 440 575 438 561
771 551 761 551 499 576 491 577
781 587 773 553 504 597 500 578
531 136 522 93 292 166 285 120
560 148 495 122 290 164 273 155
521 105 527 132 284 134 288 160
507 123 502 112 268 148 264 138
619 175 583 158 375 211 341 192
677 201 655 190 428 240 408 227
654 187 649 169 408 225 404 208
622 165 626 180 379 192 382 218
628 181 675 202 383 218 427 242
675 204 681 223 426 244 430 260
653 190 635 180 407 228 389 217
770 178 440 0 510 222 182 1
651 247 657 266 401 284 406 300
668 292 676 287 417 327 422 323
664 251 669 270 413 288 417 306
671 251 679 281 420 288 426 320
678 283 697 290 428 320 443 327
697 292 703 311 443 328 446 347
709 320 666 308 452 356 336 318
586 287 516 267 331 316 267 294
501 195 515 271 265 296 268 311
571 294 519 281 338 330 288 315
565 297 587 301 314 326 336 332
572 346 564 299 319 375 313 328
558 298 569 351 307 327 314 376
638 228 648 267 391 265 397 304
666 281 664 271 414 318 411 286
650 230 667 238 398 265 416 274
498 163 630 215 254 188 352 234
611 231 615 253 363 268 366 286
651 296 645 270 399 330 395 307
643 273 649 297 391 306 396 331
610 261 642 272 361 294 389 306
589 249 578 222 345 297 332 256
573 208 582 247 328 240 333 274
626 249 621 226 377 281 373 260
623 224 627 238 375 259 378 272
630 238 630 228 381 274 382 258
645 268 635 227 394 303 387 260
605 241 608 265 357 275 358 294
602 242 599 229 354 278 351 261
594 228 598 249 346 261 349 281
502 140 511 132 260 167 271 159
654 243 668 248 402 278 417 285
544 243 530 239 297 272 281 266
528 238 525 224 280 265 279 250
634 336 638 357 379 369 383 391
646 363 641 338 390 397 386 370
643 337 650 367 385 353 393 396
654 316 592 300 400 350 389 346
670 322 674 339 415 360 418 373
675 345 681 371 419 381 423 404
723 392 716 390 464 425 453 424
725 379 727 390 463 410 465 423
707 332 717 372 449 367 458 408
706 375 696 334 447 410 439 368
640 377 626 374 383 409 370 406
624 373 622 358 369 404 367 390
638 331 637 320 384 364 384 352
629 317 633 331 376 347 379 363
611 310 615 326 360 342 366 386
590 302 611 308 336 333 359 340
626 355 620 332 371 387 367 366
624 333 629 357 370 366 374 387
695 327 671 321 451 366 416 355
684 371 679 347 426 405 422 381
704 379 673 373 426 408 416 406
674 376 694 380 414 409 441 415
723 394 726 406 462 429 464 440
693 374 686 348 434 408 429 380
673 391 654 307 416 434 402 350
653 368 642 315 397 401 389 351
668 372 654 369 409 405 399 402
480 227 464 224 233 251 217 247
448 222 452 233 201 232 202 247
388 192 450 211 140 208 199 231
380 129 387 186 137 144 140 206
381 128 416 140 139 142 173 158
416 143 420 161 174 159 176 181
429 163 424 139 184 185 182 153
283 84 421 134 35 84 181 153
420 127 283 75 236 171 37 75
476 157 486 216 234 175 239 229
461 204 479 208 215 227 229 231
465 155 429 142 224 178 186 160
426 136 467 152 186 156 226 175
433 189 430 167 189 221 186 185
459 233 469 237 210 255 221 262
471 238 478 233 224 262 234 254
488 224 491 247 242 264 244 276
501 263 291 207 248 288 35 216
611 119 615 132 371 155 374 168
746 353 753 379 488 398 493 429
760 397 746 393 491 430 483 428
745 392 736 358 482 427 475 393
557 350 539 347 303 379 286 375
537 345 532 310 284 374 280 339
551 487 556 512 271 346 294 536
555 345 550 318 302 377 298 350
510 108 516 127 274 134 276 153
523 129 519 109 284 157 282 138
469 428 475 466 209 431 214 486
453 402 465 404 193 428 207 430
412 396 449 400 153 421 192 426
413 386 513 397 154 410 259 425
502 406 518 408 244 434 262 435
511 476 501 408 252 504 244 435
496 409 507 477 239 436 247 504
482 405 494 408 224 432 236 434
483 464 480 407 223 488 222 435
473 476 425 476 214 504 162 503
423 483 495 485 160 511 265 512
527 481 427 480 266 510 164 509
302 373 407 385 34 392 148 409
293 264 299 363 32 281 33 391
524 392 301 366 265 422 34 385
531 490 530 483 271 520 270 512
526 486 527 496 267 514 267 525
451 400 454 424 193 429 196 452
353 52 351 40 115 59 114 46
351 38 299 16 112 45 60 15
335 36 348 42 57 19 109 48
350 58 353 91 111 50 112 102
357 90 355 72 116 100 116 92
363 149 309 131 104 157 58 136
306 135 320 140 57 141 117 167
370 213 363 151 120 228 117 169
359 153 366 213 113 168 115 228
345 43 335 39 108 51 97 44
335 48 344 51 95 53 106 59
513 225 510 209 268 253 263 215
507 189 533 198 264 216 288 226
462 198 459 181 217 220 214 202
448 177 451 196 205 198 204 215
447 190 441 157 202 215 200 192
431 156 433 167 188 170 189 185
443 156 448 172 202 178 204 192
449 172 457 174 205 193 216 198
462 185 465 199 218 200 219 221
363 210 358 172 112 226 110 184
345 169 350 209 97 181 98 220
347 209 342 168 95 222 94 177
340 163 327 160 93 175 76 168
762 449 758 435 500 504 492 467
753 431 758 448 488 463 497 506
746 423 797 429 482 456 534 462
791 431 772 429 535 465 523 465
792 431 797 449 523 466 537 524
729 356 746 427 469 393 480 455
783 478 771 432 513 508 505 467
771 430 748 428 506 465 485 460
749 432 752 445 484 464 486 476
754 452 760 476 487 483 492 506
334 50 317 44 109 63 76 47
314 29 319 79 75 47 76 85
321 80 329 83 77 86 87 91
331 82 328 54 89 89 88 59
333 52 336 84 93 57 94 93
336 86 352 92 96 94 110 101
464 433 458 432 208 460 199 458
456 434 461 471 197 459 200 499
462 473 470 474 201 501 210 502
472 465 466 433 212 500 208 462
551 439 557 474 293 468 298 503
574 442 579 472 315 465 321 503
574 435 581 435 316 464 325 465
584 435 592 477 327 466 333 507
596 476 585 413 336 507 328 442
678 420 634 416 419 452 330 441
686 453 678 416 436 545 420 454
690 485 697 517 427 514 432 545
634 484 688 485 370 513 425 515
632 482 625 460 368 502 365 484
622 455 625 476 363 485 365 505
617 478 614 436 357 507 356 467
612 435 606 422 355 465 349 454
604 424 612 476 347 455 352 505
610 478 597 477 350 507 340 507
564 473 558 440 305 503 301 471
583 412 540 407 327 442 284 435
680 416 733 421 419 447 470 454
733 417 538 395 473 451 282 423
617 427 622 453 359 456 363 483
625 454 619 425 366 484 361 455
608 502 595 509 352 531 332 540
594 482 553 481 330 511 293 510
551 485 582 484 293 513 325 514
638 503 636 487 377 532 374 517
652 503 640 504 391 532 380 533
629 514 653 505 369 543 391 534
612 501 608 484 351 531 349 514
589 474 583 444 330 504 325 472
422 313 424 331 167 335 168 354
397 308 420 313 140 328 165 334
396 331 394 311 139 353 138 330
421 336 398 332 166 358 141 353
606 165 599 135 362 194 357 160
590 143 594 159 348 178 351 193
585 127 588 134 345 161 347 168
578 138 576 126 338 171 335 160
765 277 774 307 508 332 512 347
458 293 461 318 204 310 209 343
459 322 456 301 205 347 204 321
511 345 492 341 257 372 186 356
425 332 509 348 171 356 255 375
480 272 444 262 235 298 192 284
400 244 499 268 194 276 241 292
454 272 474 276 206 296 223 301
475 279 478 290 225 302 227 315
481 299 484 335 228 329 230 363
771 308 764 287 509 348 505 328
566 111 571 125 327 143 332 158
523 91 564 111 287 119 325 143
291 598 261 30 5 598 14 24
432 70 435 92 198 89 197 110
445 93 441 75 208 115 206 94
720 325 726 346 462 362 468 384
796 344 722 324 529 381 464 361
685 329 688 341 429 364 431 374
639 446 645 474 380 475 384 504
650 474 644 446 389 505 385 476
277 0 281 64 35 1 34 62
298 23 303 73 59 39 58 75
317 280 334 284 58 295 76 299
336 285 338 302 77 302 78 318
355 304 354 291 97 321 98 307
357 288 376 292 99 306 120 311
393 289 388 245 139 308 137 268
384 252 326 238 133 270 70 252
377 288 322 277 122 307 71 294
382 324 378 293 125 345 122 312
411 346 418 339 154 369 168 360
338 305 342 357 79 323 80 377
674 149 678 166 427 185 431 206
487 558 491 582 223 588 225 597
442 562 485 558 175 593 221 589
316 553 424 550 37 588 160 582
494 542 315 549 234 571 36 584
542 538 506 541 284 568 234 569
486 434 491 468 228 462 231 500
491 473 501 474 232 502 242 503
503 473 497 437 244 501 239 464
533 204 538 224 289 233 291 252
644 171 650 186 400 207 403 223
420 169 424 196 176 188 178 216
556 434 554 416 300 462 297 445
546 413 550 431 289 438 292 458
658 472 654 442 398 499 395 475
676 477 665 423 415 506 406 457
652 421 663 423 392 453 401 454
633 415 638 437 376 449 379 467
657 445 663 475 397 477 400 497
530 481 521 433 269 506 262 446
518 432 525 475 260 450 266 505
714 389 712 375 454 423 452 409
700 373 694 350 441 407 437 385
689 349 696 374 432 384 437 407
443 70 448 98 208 89 211 119
430 65 441 70 195 84 203 88
428 52 430 63 194 67 196 82
431 92 425 51 193 89 191 68
759 391 791 396 495 425 524 431
797 425 747 419 535 457 481 451
540 186 582 202 297 216 338 235
589 202 542 184 343 234 299 214
542 184 498 167 298 213 256 193
551 236 541 188 304 266 297 217
620 179 627 203 375 213 380 236
512 132 619 178 330 189 373 212
775 367 781 389 510 403 515 424
793 388 789 376 525 423 522 407
791 367 796 387 522 393 528 420
750 343 777 351 489 380 504 385
772 382 764 359 507 418 501 394
791 394 767 389 522 428 502 423
396 253 432 262 143 271 181 284
333 468 337 522 62 496 64 554
339 524 353 523 66 555 80 554
353 522 346 446 82 552 79 470
393 441 331 438 131 467 62 463
402 527 394 443 136 555 131 469
389 447 398 525 125 471 131 556
370 444 389 445 105 469 123 470
369 466 351 465 103 492 84 492
351 467 357 523 83 494 86 555
358 525 390 526 87 556 125 556
394 525 389 469 127 555 123 496
300 373 313 546 32 392 32 459
421 530 406 405 155 552 145 418
330 439 332 460 62 466 62 485
334 461 346 460 64 486 77 487
774 515 784 511 503 542 515 538
767 492 772 513 497 521 502 541
333 3 367 18 92 3 134 28
526 506 510 507 265 535 239 536
505 506 502 485 244 534 242 515
569 416 573 433 312 443 316 462
548 411 567 416 291 440 310 445
543 529 544 537 281 555 284 567
531 505 534 521 270 527 273 547
523 431 533 484 266 459 273 511
700 194 703 209 450 236 452 248
695 208 688 186 443 243 440 228
361 325 365 351 103 346 105 361
378 360 373 313 117 364 116 333
480 337 476 302 227 361 224 326
435 279 447 283 220 326 222 356
607 354 600 317 352 373 345 340
594 308 605 355 342 340 349 373
617 364 565 354 349 392 277 376
697 423 685 421 437 455 424 452
692 426 698 443 432 458 436 474
705 479 743 478 449 509 477 508
704 449 710 477 441 477 447 507
699 449 704 478 437 481 441 508
745 480 706 482 466 512 441 511
650 152 661 159 406 192 415 197
666 158 652 150 421 198 408 190
663 161 674 198 418 200 424 234
651 150 618 133 407 190 375 170
661 191 651 154 414 229 407 194
558 270 537 263 308 299 289 292
518 247 534 253 277 276 286 281
562 551 569 597 299 567 302 597
759 524 561 537 490 552 301 566
608 131 618 172 367 167 374 208
761 434 765 446 495 466 504 506
688 240 674 235 437 279 423 272
685 244 695 282 434 282 441 319
693 284 680 281 439 321 427 317
672 235 637 221 422 273 395 259
684 280 673 240 430 316 422 276
459 221 457 205 212 245 211 227
726 543 728 558 458 570 460 584
716 562 712 547 448 588 446 571
342 206 339 169 90 220 91 178
331 204 341 207 75 215 88 219
325 161 329 203 75 171 76 212
484 429 494 430 226 456 238 457
473 290 472 280 222 314 222 305
470 279 456 275 221 303 206 299
621 250 616 234 372 284 369 269
681 347 687 372 424 381 430 406
599 502 595 484 339 532 335 513
637 217 686 236 389 253 434 275
621 109 690 145 383 148 443 187
687 138 426 0 444 182 171 1
761 180 692 141 508 227 448 186
721 214 735 219 468 255 482 261
792 352 757 343 527 389 496 380
755 338 796 348 465 365 528 386
715 475 709 449 451 505 447 480
713 450 718 473 450 481 453 504
482 411 485 427 224 436 227 454
537 320 540 343 283 340 287 372
798 522 777 523 533 547 504 550
775 524 780 543 504 551 507 570
781 545 796 545 508 571 521 569
798 547 784 550 522 571 509 575
782 551 789 577 509 576 513 597
437 203 388 188 194 225 142 205
256 31 256 1 19 20 20 1
565 351 559 319 311 381 307 349
754 194 764 199 500 239 515 250
748 199 704 176 494 243 455 219
500 403 415 393 262 433 154 418
701 242 734 255 447 281 528 319
731 573 727 562 461 598 459 588
466 425 462 407 207 452 205 434
610 365 615 384 355 397 360 415
531 351 608 365 277 379 353 396
592 550 595 568 331 580 333 597
597 598 589 551 330 597 328 580
751 284 758 303 494 325 498 345
326 200 322 160 73 213 72 168
320 159 309 155 70 168 58 163
308 157 311 197 58 166 58 208
312 199 324 202 59 210 72 213
669 475 662 444 408 504 403 477
506 545 529 543 242 574 265 577
543 551 438 558 279 580 173 589
439 552 467 550 171 585 205 581
469 547 493 545 206 579 230 575
580 551 584 572 319 581 321 597
344 162 355 166 97 174 108 179
529 313 534 346 277 340 281 374
666 375 670 395 408 407 413 433
642 371 664 375 387 403 406 407
677 425 688 478 416 454 426 509
480 56 513 70 255 86 267 91
420 4 527 59 159 1 290 86
510 65 478 49 275 92 250 76
515 273 587 292 266 300 336 323
676 558 674 545 412 586 410 573
684 598 678 567 402 588 401 573
658 545 661 561 394 569 398 591
689 539 562 549 424 566 395 569
690 541 699 539 426 568 435 567
340 356 335 307 77 376 75 324
593 294 653 311 342 325 400 345
740 303 797 321 511 353 535 361
617 598 609 547 350 597 347 577
496 429 494 412 238 456 236 438
493 410 484 409 234 437 227 436
538 400 677 417 282 429 417 449
529 597 523 556 262 598 261 585
525 555 542 553 263 584 276 583
701 598 689 541 429 598 424 569
633 227 641 264 384 258 390 300
686 543 698 597 421 570 426 597
686 557 684 546 421 584 419 572
743 534 709 536 474 561 453 563
582 433 579 418 324 463 322 448
660 312 709 328 406 346 452 363
311 77 312 29 68 66 70 47
374 470 379 517 108 496 109 530
374 295 380 362 118 312 122 381
378 363 363 360 118 385 101 381
361 360 355 305 100 379 97 328
506 491 509 503 246 524 249 532
521 505 519 493 261 534 259 522
568 553 572 573 306 582 309 597
468 200 462 160 223 223 220 182
386 470 392 522 121 496 123 531
587 414 631 419 330 444 374 450
605 568 602 551 343 597 340 578
423 139 383 125 182 158 141 139
442 262 399 250 190 284 147 269
489 336 485 308 236 361 233 333
483 294 481 277 233 321 230 298
733 168 757 182 482 213 503 228
741 182 724 173 490 227 475 217
504 176 535 187 263 202 295 218
742 359 746 379 481 395 484 412
583 327 581 312 334 369 329 342
654 321 665 368 400 354 408 401
414 334 413 315 158 356 159 346
761 245 749 249 504 287 492 290
747 248 702 230 490 289 450 269
702 227 717 220 450 267 464 261
719 221 744 233 466 262 489 274
744 236 753 236 489 278 498 279
308 150 319 154 57 157 70 163
413 140 419 193 170 159 173 215
538 65 616 106 299 92 376 143
602 111 524 71 363 147 290 100
375 524 368 447 107 554 104 495
687 481 635 481 428 512 390 511
731 428 736 460 467 460 473 504
724 475 717 449 459 504 455 482
756 250 767 246 498 292 509 288
726 255 703 247 471 296 451 285
347 90 344 61 105 98 106 72
562 541 685 533 301 570 421 561
722 373 712 337 461 408 454 374
569 438 573 461 312 468 315 490
698 485 733 484 435 515 467 514
712 172 745 189 464 216 490 232
300 598 291 443 15 598 16 471
783 270 699 236 521 311 447 275
611 548 656 544 348 576 393 572
416 305 411 260 163 332 159 281
356 171 360 209 108 195 110 225
489 217 487 199 243 242 241 218
549 89 597 113 302 114 357 147
357 356 352 314 96 377 95 342
778 310 768 276 515 350 509 317
474 151 428 133 233 174 186 152
508 352 512 379 253 375 257 406
259 85 262 176 8 72 5 178
615 195 502 150 310 200 260 175
617 123 657 143 375 159 412 182
309 196 288 191 55 206 34 199
288 194 310 200 32 201 52 209
371 513 368 489 102 542 100 515
283 95 370 126 35 96 131 141
385 220 375 133 135 233 132 143
384 217 372 213 133 234 121 229
408 139 415 192 166 158 169 208
470 136 380 101 226 158 153 121
320 315 322 351 58 331 59 370
510 196 515 220 266 222 268 248
427 549 468 547 160 580 206 577
284 118 287 172 34 125 33 162
292 233 387 255 68 254 135 274
393 223 390 197 144 241 143 212
419 231 395 224 171 250 147 243
416 202 420 229 170 221 171 248
396 528 315 529 130 557 65 560
425 261 433 325 174 282 179 348
303 397 403 405 34 417 142 429
404 407 407 439 143 432 145 465
263 212 267 293 4 232 1 306
699 233 768 260 446 271 507 301
403 402 303 394 145 427 34 415
455 475 446 402 194 502 187 427
424 475 415 399 161 502 155 423
443 401 451 463 184 426 191 500
553 477 542 412 293 504 285 440
273 415 277 471 2 390 1 470
