33.0393 317.934 594.015 294.355 1.00001 224.032 414.009 223.362
149 400.133 464.996 399.002 0.9969 315.2 267.011 319.317
471.771 315.965 476.73 425.967 271.952 240.945 276.814 339.012
413.956 41.9956 427.273 293.041 213.829 1.01176 228.654 216.024
416.389 42.0356 430.68 294.031 217.161 0.988802 231.619 217.041
322.178 46.9893 327.133 297.017 121.338 0.986113 130.182 216.034
325.304 51.0159 330.849 298.008 124.522 0.97794 133.605 215.974
149.997 386.415 464.004 384.709 0.997393 301.163 264.994 305.396
355.584 49.0137 363.704 297.027 155.581 1.02172 166.724 215.962
353.076 44.9979 360.459 296.019 151.88 1.00652 163.524 216.026
294.7 48.9692 297.553 302.017 92.5031 1.01782 100.467 223.019
260.567 105.998 261.208 301.003 58.3514 37.9816 61.916 215.002
264.234 55.0019 264.831 299.998 59.5837 0.983096 64.658 217.143
151.001 363.247 464.004 361.715 0.992103 277.345 264.991 283.395
152.004 332.892 461.999 331.664 1.00502 245.846 262.022 254.338
149.001 341.181 462.002 339.314 1.01447 254.48 263.007 261.766
507.258 34.9788 528.466 289.047 303.842 1.01416 323.246 217.068
509.537 34.9522 532.144 288.987 306.832 1.01546 326.73 216.933
474.959 39.0033 494.87 291.01 274.108 0.990813 292.43 217.048
478.08 36.9936 497.68 292.031 277.191 0.983619 295.664 215.943
382.524 44.0214 393.764 294.011 183.431 0.974436 196.2 216.047
385.614 44.018 396.953 296.005 186.503 1.03013 198.941 217.007
444.288 42.9808 461.048 294.064 244.37 0.972247 260.57 217.032
447.274 39.9814 464.381 291.974 247.412 0.968749 263.704 218.027
537.729 35.0264 562.4 288.059 332.739 1.02537 353.763 217.023
541.366 38.9639 565.68 289.031 335.811 1.01848 356.619 218.041
162.88 302.996 171.776 58.9919 23.7737 1.00394 27.5135 216.008
569.084 33.9909 596.813 291.913 361.231 0.976083 383.525 216.049
572.255 32.0806 599.807 286.913 364.383 0.960203 386.833 216.913
292.096 49.9954 294.355 302.009 91.525 31.0411 96.7217 216.01
213.004 320.948 470.256 317.732 10.9847 234.456 263.008 242.843
148.001 359.083 463 357.005 1.00596 272.751 263.999 279.059
152.997 381.365 464 379.917 0.997852 296.124 265.005 300.714
147.998 355.575 462.999 353.76 1.01176 269.498 264.008 275.654
151 378.025 463.999 376.701 1.00337 292.815 265.007 297.608
145.997 406.326 464.999 404.78 1.00509 318.652 267.007 322.539
149.002 336.317 461.998 334.645 1.01494 249.501 262.99 257.35
366.998 440.096 465.02 439.392 1.00009 338.977 264.004 340.038
462.094 227.084 467.165 282.077 260.88 151.912 266.269 206.073
245 407.982 465 408.009 1.0006 323.949 267.001 326.939
440.033 390.339 467.876 386.643 250.003 307.922 265.019 308.511
145.987 427.743 464.014 424.414 1.00025 342.819 262.996 342.768
