582 325 586 350 308 251 311 275
544 325 619 323 298 250 385 251
594 294 33 317 414 223 1 224
621 155 635 256 405 96 421 221
145 403 464 402 267 319 1 315
467 418 466 401 268 337 267 321
471 315 476 425 271 240 276 338
435 314 469 314 250 237 268 237
327 314 434 312 1 230 249 235
413 41 427 292 213 1 228 215
430 294 416 42 231 217 217 1
322 46 327 296 121 0 130 215
330 298 325 51 133 215 124 1
149 386 463 384 0 301 264 305
363 297 355 49 166 215 155 1
353 44 360 295 151 1 163 215
297 302 294 49 100 223 92 1
260 105 261 300 58 37 61 214
264 299 264 55 64 217 59 1
151 363 463 361 0 277 264 283
461 331 153 332 262 254 1 245
149 341 461 339 1 254 262 261
507 34 528 288 303 1 323 216
532 288 509 34 326 216 306 1
474 39 494 290 274 0 292 216
497 292 478 37 295 215 277 1
382 44 393 293 183 0 196 215
396 296 385 44 198 217 186 1
444 42 461 293 244 0 260 216
464 291 447 40 263 218 247 1
537 35 562 287 332 1 353 217
565 289 541 39 356 218 335 1
231 54 228 300 23 1 27 215
231 302 234 53 30 216 27 1
569 33 596 291 361 0 383 215
599 286 572 32 386 216 364 1
292 49 294 301 91 31 96 215
213 320 469 317 10 234 262 242
258 120 257 144 54 12 53 56
148 359 462 357 1 272 263 279
605 31 619 151 394 0 405 93
152 381 463 379 0 296 264 300
462 353 148 355 264 275 1 269
256 163 254 181 53 74 52 121
464 404 146 406 267 324 1 321
149 336 461 334 1 249 262 257
614 89 608 27 398 26 398 7
622 152 615 90 406 87 400 34
630 144 622 76 413 85 404 1
637 398 552 400 329 321 301 321
589 402 637 402 302 325 364 324
41 309 48 221 368 327 473 240
306 121 304 137 105 36 102 54
377 113 379 173 177 40 179 88
267 99 266 126 62 0 64 51
415 421 160 422 264 340 1 338
465 439 367 440 243 358 84 357
305 440 165 444 82 359 1 359
462 227 467 281 260 151 266 205
470 277 464 227 269 205 263 154
378 316 344 317 183 236 141 236
182 408 231 407 1 323 266 326
383 177 380 137 183 98 181 36
463 376 151 378 239 308 207 309
145 427 463 424 1 342 262 342
335 200 335 173 136 122 135 88
462 471 206 475 237 388 1 392
421 410 354 409 194 327 98 328
280 410 150 410 73 327 1 325
392 127 392 92 193 49 192 18
451 450 182 455 238 368 1 372
537 327 546 390 364 252 366 282
224 88 225 124 16 1 18 32
296 366 241 369 104 283 92 283
409 343 228 343 175 262 99 260
368 457 230 460 235 373 1 377
376 454 424 453 159 372 234 370
382 475 445 474 168 392 235 392
248 477 360 475 104 393 164 392
408 435 301 437 208 353 71 354
214 458 360 455 1 375 95 374
