656.634 147.03 658.035 163.997 556.226 193.975 558.367 212.959
629.344 112.725 655.949 146.04 539.335 172.744 554.891 193.083
554.983 115.346 628.012 113.465 487.991 172.364 537.124 172.38
550.762 172.994 551.612 140.016 486.95 174 487.05 188.007
555.002 139.145 635.997 137.839 489.002 189.167 541.993 188.482
270.902 271.998 271.216 255.985 289.774 268.018 290.594 278.033
292.269 279.063 297.601 256.14 304.742 266.979 305.114 279.997
224.003 427.886 237.021 428.258 257.979 384.742 270.997 385.114
135 423.977 302 424.047 200.997 381.898 257.003 382.102
216.963 385.651 234.97 383.724 259.96 351.822 288.988 353.242
296.62 409.045 298.292 386.021 315.566 411.002 315.733 354.999
135 468 301 468 202.003 411.475 314 412.074
132.738 382.005 134.138 505.974 200.808 413.001 201.094 473.004
134.998 559.235 302.003 560.622 203.002 473.689 315.004 474.506
134.001 381.232 300.996 380.312 201.995 352.258 260.003 352.054
133 376.976 300 377.012 299.98 349.727 315.024 350.148
291.501 366.089 295.428 343.899 308.362 340.059 310.499 326.919
292.594 370.287 297.965 343.111 311.139 343.012 312.481 328.043
302.042 508.001 302.769 469.014 315.908 440 316.028 413
336.002 518.098 352.015 517.784 316.977 441.715 335.023 442.285
342 535 342 522 347.768 455.983 348.768 441.983
357.303 487.976 358.681 505.026 357.245 451.137 359.559 463.899
358.073 559.019 358.875 598.003 348.803 517.079 352.097 474.834
302.74 557.019 303.26 536.981 315.51 471.042 317.407 447.951
320.805 489.013 321.089 471.001 329.642 416.046 330.785 425.027
354.089 381.999 355.377 598.004 350.962 442 351.038 476.002
216.822 446.997 216.956 438.999 256.872 395.995 257.296 384.973
218.014 447.877 237.009 447.566 257.99 397.098 269.972 398.283
237.784 446.015 238.098 430.002 271.406 397.033 272.226 387.018
557.001 469.885 634.998 470.309 489 413.035 542.002 412.928
555 428.023 636.001 427.952 485.998 385.07 541 384.966
552.486 448.983 553.148 428.972 486.152 387.018 487.592 509.977
555.993 566.784 632.005 567.47 488 478.929 540 479.034
639.233 560.12 647.825 543.425 541.06 478.033 549.663 462.364
544.061 526.407 553.01 525.065 488 447 544.849 445.589
554.992 570.29 637.002 570.925 487.993 481.424 542.011 482.258
237.795 563.986 238.094 580.998 271.406 489.033 272.226 479.018
216.732 566.016 217.714 583.016 257.879 478.004 258.276 490.024
265.998 384.965 286 383.993 293.004 354.879 305.024 355.276
265.925 386.001 266.163 404.011 290.879 367.996 291.276 355.976
286.805 404.013 287.089 386.001 305 366 305 357
298.01 125.644 314.996 126.134 202.999 179.964 323.99 178.299
323.863 116.122 338.508 132.547 331.987 175.013 341.953 185.047
384.976 144.73 401.025 143.279 356.99 182.244 382.985 183.358
401.977 145.444 421.027 144.656 396 182.005 434.006 181.328
493.604 161.965 494.772 181.955 444.423 202.981 444.689 194.99
473.989 199.906 488.026 198.213 422.002 232.163 452.009 231.837
356.395 147.257 367.456 153.143 341.164 193.121 367.976 198.127
302.002 152.164 354.994 151.521 200.996 195.419 340.003 194.353
131.464 151.008 132.24 204.011 199.948 197 200.11 231.004
134.002 204.189 299.004 202.329 202.007 232.309 253.003 231.114
300.822 290.011 301.498 250.979 314.726 232.999 314.775 292.999
134 294.123 324.018 293.464 199.991 294.248 312.999 292.932
131.978 296 132.51 332.007 199.924 296.001 200.163 318.009
130.998 334.398 298.999 333.827 278.991 319.705 313.998 320.145
302.784 295.985 303.098 311.998 314.787 318.993 315.598 294.019
322.08 117.032 322.627 132.979 324.886 178.997 325.258 165.979
318.004 104.068 344.035 102.644 326.986 164.122 361.993 163.545
393.022 122.848 515.317 117.887 459.013 175.305 486.005 174.123
505.822 183.011 506.082 163.001 451.638 228.954 454.832 203.978
516.822 182.011 517.082 162.001 461.742 203.979 462.114 216.997
509.29 190.567 527.201 181.392 456.074 228.937 470.066 227.83
552.996 195.887 635.002 195.079 487 227.064 543.005 226.676
636.091 194.999 636.255 216.006 542.071 257.001 542.412 230.992
554.014 241.926 628.996 240.759 485.998 257.93 541 258.034
552.795 222.986 553.094 239.998 485.205 231.026 486.013 256
552.994 199.514 633.994 198.522 487 230.027 541 229.937
299.799 200.994 300.475 179.983 314.057 231.002 315.331 196.012
133.004 207.365 298.998 205.763 201.001 235.045 314.008 233.639
264.988 253.546 286.026 252.999 268.005 264.171 312.996 262.872
131.904 248.4 300.008 245.793 200.998 261.068 267.094 262.647
132.007 250.849 286.012 249.186 200.998 263.93 256 264.034
266.002 229.529 285.001 229.471 291.013 249.75 299.993 249.6
263.795 211.012 264.837 229.009 289.879 247.996 290.276 235.976
286 228 286 214 304.704 249.027 305.128 238.005
399.009 181.86 424.006 181.591 383.046 218.358 392.027 217.215
397.843 156.992 398.073 179.999 380.668 201.971 381.332 217.029
366.994 155.873 396 156.06 361.001 199.911 379.013 200.195
366.723 157.009 367.022 165.999 359.975 201 360.024 233
364.065 208 364.238 244.999 352.117 215.989 353.512 231.045
351.762 181.992 352.683 155.989 349.703 201.966 350.339 215.032
301.979 163.712 322.019 162.263 331.003 202.942 347.956 203.834
332.988 156.805 348.986 155.785 324.001 196.918 344.011 197.178
352.733 190.003 353.202 226.01 349.627 248.036 350.373 234.964
326.972 228.326 351.014 227.331 337.015 249.217 348.031 248.447
332.715 206.977 333.285 225.023 333.668 232.971 334.332 248.029
320.529 203.951 322.471 225.049 328.919 247.996 329.538 233.98
431.988 159.398 449.001 159.047 383.991 192.476 410.001 192.041
458.137 180.012 461.161 146.014 421.518 217.063 423.949 196.994
456.843 219.992 457.073 242.999 418.135 230.05 419.053 246.054
484.904 237.472 506.976 233.811 441.908 258.711 452.764 255.257
509.906 223.998 510.205 206.986 456.551 245.951 457.741 234.972
516.215 225.027 516.68 204.969 460.645 247.046 461.503 235.036
472.695 203.973 473.526 225.019 431.864 244.994 432.32 234.969
494.453 226.023 495.313 209.016 446.68 235.969 447.136 245.994
472.902 166.002 473.216 182.015 432 206 432 215
463.677 197.997 464.791 143.005 425.984 195 426.016 221.001
453.022 203.768 531.016 201.565 452.016 231.499 470.997 230.9
533.342 200.982 534.359 220.034 472.574 231.956 473.426 243.044
512.045 139.772 549.998 139.098 456.981 190.758 470.997 191.108
528.991 145.163 550.999 144.924 472.007 189.888 486.013 190.806
216.997 472.072 236 472.014 258.004 414.76 271 414.992
216.401 496.998 216.483 473.998 256.772 431.017 257.103 416.002
204.849 474.004 205.342 494.016 251.627 415.971 252.23 429.036
207.728 473.979 208.272 493.021 248.892 428.997 249.242 414.981
133.997 507.68 301.002 508.54 203.001 438.103 255.005 437.792
237.704 472.973 238.128 483.995 271.728 415.01 272.091 424.997
216.974 491.458 229.992 490.829 258.003 427.114 271.021 426.742
288 584 288 566 305.428 497.017 306.171 478.007
216.001 519.944 236.014 520.438 259.004 446.879 271.024 447.276
216.911 521.001 217.195 539.013 256.774 457.982 257.594 447.967
219 539 237 539 258.015 459.828 271.011 459.6
237.795 520.986 238.094 537.998 272 458 272 449
553.993 286.637 655.003 287.716 485.994 288.805 554.997 289.338
551.516 265.014 552.035 245.974 484.845 269.99 485.381 261.959
553.997 245.104 636 244.848 487 260.908 545.004 261.193
657.978 226.999 658.638 214.98 555.775 260.083 558.232 237.025
216.996 341.543 234.994 341.367 203 322.936 290.002 323.13
133 375 133 364 199.772 342.988 200.729 323.986
264.831 343.006 265.392 360.02 290.485 326.018 290.914 338.003
267.007 360.242 278.998 359.912 291.998 338.208 304.997 338.318
286.814 361.012 287.086 342.001 305 337 305 327
265.989 341.178 285.999 340.918 306 323 315 323
301.738 376.019 302.723 338.019 315 349 315.704 324.973
235.961 297.951 236.877 315.955 270.724 295.976 271.121 307.996
215.954 299.462 233.992 297.911 257.969 296.553 268.985 295.783
215.871 301 215.904 317 256.879 298.004 257.276 310.024
216.987 317.195 234.999 316.911 259.005 309.128 270.027 308.704
326.329 109.615 341.644 126.326 332.743 169.227 344.016 181.986
372.975 272.271 395.982 271.481 364.998 278.181 379.996 278.342
363.835 308.983 365.231 295.023 357.556 318.011 358.027 295.001
356.715 314.977 357.285 333.023 350.046 292.993 353.799 319.029
350.911 311.999 351.195 293.987 347.704 306.027 348.128 295.005
321.329 249.976 322.657 268.025 328.872 273.995 329.296 262.973
332.499 250.026 333.551 270.024 336.68 276.031 337.136 266.006
300.978 316.22 353.012 315.67 315.996 308.686 350.021 308.524
264.906 299.002 265.205 316.014 290.265 307.976 290.66 295.989
286 314 286 299 304.68 308.031 305.136 298.006
267.014 317.183 286.054 315.68 292.015 309.191 303.025 308.306
518.498 340.979 519.242 358.99 461.784 325.98 462.095 337.998
508.57 375.969 508.945 341.001 451.408 349.945 453.722 324.974
502.952 376.627 525.969 378.401 453.002 349.83 469.999 350.058
552.984 337.174 622.996 335.789 487 323.092 545.004 322.807
659.583 354.016 660.203 331.005 558.772 335.017 559.103 320.002
507.991 381.163 529.999 380.924 486.993 351.193 543.006 350.712
553.998 382.092 637.002 381.884 485.998 353.93 541 354.034
508.988 332.814 527.999 333.086 434.009 321.8 452.017 322.622
399.965 314.813 420.969 315.713 409.005 308.289 417.003 308.156
429.505 246.98 430.368 269.025 401.668 261.971 402.332 277.029
422.467 247.013 422.988 268 397.208 277.023 398.792 262.977
401.002 270.222 453.006 269.862 382.979 277.742 395.997 278.114
397.294 226.037 399.54 269.024 381.031 223 381.264 276.003
371.987 186.793 398.013 187.207 362.975 220.701 380.025 221.299
366.743 190.979 368.694 167.057 362.809 218.985 363.694 207.975
397.855 271.969 399.327 312.988 384.229 292.978 385.267 303.975
398.995 225.677 453.019 225.242 382.002 248.065 417.005 247.213
494.837 250.989 495.075 268.999 445.719 278.131 448.143 264.844
473.902 254.002 474.216 270.015 432.091 275.889 433.432 264.93
509.809 267.993 510.393 250.979 456.682 264.885 458.889 278.019
517.157 270.016 518.468 257.047 461.724 278.024 462.121 266.004
453.822 292.989 454.095 313.999 418.758 307.019 419.108 293.003
378.016 357.249 392.022 356.349 380.996 339.054 417 338.892
403.982 401.533 412.007 401.8 385.999 369.143 418.003 369.282
457.692 383.014 459.438 421.026 421.642 383.971 422.758 409.011
510.007 461.758 521.998 462.088 424 410.055 456.005 409.884
398.796 320.989 399.946 403.001 381.734 354.008 382.134 368.025
475.987 429.195 493.999 428.911 423.002 382.759 470.007 383.157
533.403 428.978 534.677 452.018 472.316 385.975 473.517 401.039
508.989 466.822 528.999 467.082 454.994 410.956 470 411.044
530.668 466.029 531.332 450.971 471 401 471 410
461.001 377.124 503.007 376.748 424.001 350.066 450.007 349.86
551.905 292.001 552.178 313.011 484.729 294.03 486.909 317.017
551.496 339.037 554.379 378.046 485.783 340.015 486.553 351.031
501.854 569.003 502.328 590.015 450.86 481.008 452.074 502.996
459.178 564.989 460 598 422.955 501.999 423.227 492.006
459.998 563.081 507 562.961 423.994 476.887 446.984 475.697
513.001 562.089 531.013 561.805 448.011 476.835 470.046 478.328
214.906 255.002 215.205 272.014 255.688 267.025 256.664 279.027
234.802 252.894 238.783 282.896 270.4 266.975 271.286 280.982
134.002 291.23 299 289.969 253 291 271 291
456.394 339.057 459.097 376.166 422.283 379.996 422.443 352.997
474.959 385.381 482.99 384.845 424 352.961 471.002 353.081
541.758 403.019 542.108 389.003 472.777 354.865 475.055 367.99
509.981 422.26 530.019 421.74 458.024 381.189 468.976 379.811
461.002 421.83 482.011 422.079 437.98 379.784 449.998 380.095
496 403 496 389 446.259 368.028 447.449 357.049
552.085 384.054 554.327 421.981 484.783 358.015 485.553 369.031
215.706 343.011 216.295 359.026 256.648 323.968 257.352 338.032
218.001 360.258 236.001 360.163 259.001 339.033 271.022 338.505
236.918 358.999 237.178 338.989 270.886 336.997 271.258 323.979
484.963 239.374 516.2 234.513 444.983 259.448 470.021 258.669
533.608 292.98 534.169 309.994 472.129 291.987 474.386 314.063
460.016 288.887 530.011 287.648 420.995 292.765 470.994 291.706
215.906 387.002 216.205 404.014 256.879 366.996 257.276 354.976
236.822 384.989 237.082 404.999 270.784 368.02 271.095 356.002
218.012 403.822 235.999 405.021 258 368.026 268.999 368.141
460.002 468.804 531.029 471.788 423 412.983 452.005 413.151
458.683 472.974 460.017 507.999 421.961 414.001 422.803 447.005
460.952 516.696 469.406 543.189 424.278 447.928 428.222 463.201
470.99 559.785 512.009 560.31 441.965 473.598 469.987 475.227
531.886 559.997 532.258 546.979 471 465 471 474
534.892 530.003 535.242 544.019 472.653 446.965 473.566 463.97
460.005 513.698 524.004 514.794 424.018 442.538 470.026 444.341
513.001 512.086 532.012 511.814 423.005 439.781 469.983 440.778
532.047 496.362 553.006 497.915 472.952 431.512 485.034 432.641
508.546 511.039 509.688 494.978 455.619 440.041 456.226 430.948
519.265 475.039 520.21 492.989 462.724 430.024 463.121 418.004
495.587 473.956 496.849 490.937 451.603 425.931 453.338 415.886
266.911 429.001 267.195 447.013 291 388 291.669 396.028
278 430 278 446 303.612 397.043 304.383 386.027
474.906 475.002 475.205 492.014 432.886 427.997 433.258 414.979
477.001 493.116 496.007 492.982 434.003 429.114 447.021 428.742
519.352 544.018 520.352 525.018 462.704 449.973 463.128 460.995
512.837 526.005 513.374 544.019 457.525 450.032 458.405 463.04
286.99 474 287.209 490.997 305.026 426 305.259 412.987
267.003 492.065 286.013 491.324 291.007 427.771 304.006 427.657
266 473 266 491 290.474 425.974 291.066 414.003
287.704 539.027 288.128 528.005 304.724 446.976 305.121 458.996
266.174 520.972 269.107 539.144 291.201 448.985 292.114 461.067
270.999 539.007 285.98 540.241 294.005 459.872 305.027 460.296
474.162 313.99 474.338 298.992 432.403 297.056 433.441 308.053
497.805 567.987 498.089 585.999 447.447 492.031 448.217 481.015
475.947 568.035 496.993 566.87 435.004 478.879 447.024 479.276
475.906 570.002 476.205 587.014 432.886 492.997 433.258 479.979
268.003 403.948 284.001 404.988 262 379.05 313.929 379.387
475.971 541.321 495.988 543.129 433.97 461.768 446.99 462.269
507.034 251.999 507.654 283.007 454.579 265.973 455.623 288.018
529.902 270.002 530.216 286.015 469.758 286.956 473.705 265.128
398.914 514.993 399.54 415.997 379.263 367.917 382.166 459.998
401.997 588.268 455.988 588.934 380.943 492.508 402.999 495.006
455.823 544.998 455.944 587 418.803 477.969 419.432 494.022
135 464 230.019 464.758 201.996 408.229 256.996 409.235
495.814 428.988 496.086 447.999 446.742 384.979 447.114 397.997
474.833 448.999 474.974 431 432.022 396.001 432.421 388.021
476.009 449.087 487.983 447.837 432.976 398.724 444.996 399.121
473.906 342.002 474.205 359.014 431.864 335.994 432.32 325.969
475 341.034 495.999 340.885 433.96 325.602 446.04 326.398
495.805 360.013 496.089 342.001 447 337 447 328
533.354 337.976 534.652 357.024 472.674 323.969 473.324 337.985
458.995 336.309 528.999 335.852 451.946 321.68 470.986 323.183
509.051 328.351 523.044 326.302 457.004 320.121 469.024 319.724
529.715 332.023 530.285 313.977 469.978 317.997 471.568 305.943
450.906 444.998 451.205 427.986 415.622 397.063 416.943 383.994
420.814 426.988 421.086 445.999 397.383 397.05 399.239 382.9
403.608 426.98 404.169 443.994 384.68 383.969 385.136 393.994
1.00302 364.199 121.004 363.461 169.994 343.127 199 342.94
449.512 357.034 450.72 338.981 415.627 336.036 416.373 322.964
439.971 335.997 440.029 355 408.627 322.964 409.373 336.036
432.914 355.999 433.186 336.988 404.688 335.975 405.664 323.973
349.344 268.024 350.656 248.976 349.869 248.994 350.062 277
553.988 423.769 627.001 424.927 488 382.034 542.002 381.929
637.004 385.034 638.24 420.992 541.517 354.959 543.517 379.959
429.822 336.989 430.082 356.999 401.627 322.964 402.373 336.036
403.587 338.978 404.176 354.994 384.359 323.966 385.488 336.048
284.724 164.976 286.647 187.094 308.123 223.014 309.791 207.977
300.237 152.051 302.051 178.997 311.619 208.959 312.221 217.985
313.919 165.001 314.2 182.013 307.688 230.241 311.554 219.194
341.009 271.32 351.973 271.014 319.992 278.652 341.989 278.913
307.766 270.018 308.234 250.005 319.025 277.001 319.35 264.009
214.874 166.001 215.033 184 256.011 206.999 257.065 218.994
216.009 167.115 233.979 165.728 256.968 206.661 270.034 207.297
234.786 185.988 235.812 167.044 269.574 220.044 270.426 208.956
235.319 553.543 248.038 546.065 270.222 469.444 279.422 464.844
246.914 529.003 247.371 541.987 280.433 463.006 280.633 449.009
135.001 555.864 300.997 557.298 201.995 470.703 259.999 471.127
273.018 164.866 282.97 166.223 290.992 206.543 303.988 206.314
260.47 202.049 261.926 187.992 287.893 229.987 290.536 208.065
291.246 192.029 293.924 168.991 304.209 219.003 304.407 206.99
106.691 580.196 119.691 575.196 47.2968 541.777 191.294 486.77
488.838 39.0029 489.916 99.0015 442.834 113.995 443.079 159
344.037 22.2368 480.02 18.9499 347.001 107.831 437.013 107.505
342.758 23.001 343.096 101 343.965 162 344.072 108.998
135.002 510.791 300.999 512.152 202.003 440.682 314.001 441.866
414.583 248.038 416.237 265.978 391.955 262.003 392.91 275.007
419.453 248.977 420.262 264.987 394.336 262.973 395.312 274.975
553.999 332.945 624 333.027 488.003 320.246 546.006 319.485
101.018 210.774 111.033 211.594 147 241.971 181 241.914
122.902 227.002 123.216 243.015 193.602 258.04 194.398 245.96
131.322 243.012 132.242 208.981 200.277 235.991 200.577 244.981
353.685 359.974 354.414 378.984 350.132 338.998 350.33 350.995
334.005 360.163 352.019 359.626 316 339.02 349.005 338.803
353.555 315.003 353.854 357.994 349.885 309.005 351.055 335.998
438.38 266.008 438.731 249.015 407.758 261.981 408.108 275.997
422.952 380.975 423.498 402.013 397.872 356.005 398.296 367.027
430.805 403.013 431.089 385.001 404.627 367.036 405.373 353.964
439.448 399.954 440.11 392.009 408.602 353.96 409.398 366.04
443 383 443 401 411.627 366.036 412.373 352.964
449.915 400.995 451.089 381.944 415.259 354.972 416.342 364.963
553 290.937 660.002 290.711 487 291.905 557.999 292.206
422.648 315.018 423.298 291.98 397.886 304.997 398.258 291.979
136 420.934 300 420.945 202 379 252 379
454.668 426.008 454.927 403.999 418.784 369.015 419.098 353.002
421.683 202.976 422.408 224.02 397.742 232.979 398.114 245.997
401.814 203.988 402.086 222.999 383.724 230.976 384.121 242.996
324.783 514.001 324.87 535.997 330.704 445.973 331.128 456.995
560.994 131.751 629.003 130.133 492.008 183.537 536.997 182.83
216.007 273.342 235.998 272.911 274.002 290.433 291.002 290.345
412.985 566.998 413.016 584 392.886 479.003 393.258 492.021
324.911 296.001 325.195 314.013 330.886 294.003 331.258 307.021
544.751 448.018 545.249 426.982 477.627 384.964 478.373 398.036
555.005 519.415 639.007 520.064 488 444.034 542.002 443.929
637.567 472.974 639.011 504.999 541.841 415.973 542.662 442.114
554.999 474.023 636.001 473.952 488 416 540 416
392.2 161.987 393.641 184.023 377.256 219.017 378.183 205.012
451.758 541.019 452.108 527.003 418.937 385 419.198 443.004
425.004 447.148 451.012 446.481 383.001 399.968 418 399.919
364.55 254.988 365.209 287.948 357.992 260.005 358.099 238.995
223 209.974 236.004 210.023 256.949 237.071 269.964 236.353
236 229 236 214 270.704 249.027 271.128 238.005
215.987 229.857 234.998 230.143 256.896 248.928 268.969 250.279
403 494.036 454.002 493.925 385.992 429.522 418 429.993
451.748 491.019 452.229 471.98 416.741 427.013 416.974 414
449.918 204.001 450.178 224.011 415.886 244.997 416.258 231.979
304 584.037 354.002 583.924 316.989 490.313 339.997 491.092
432.767 311.991 433.483 292.98 404.97 305 405.026 292.995
409.453 248.977 410.313 265.984 388.704 262.973 389.128 273.995
460.738 266.986 461.685 248.983 423.943 266 424.057 279.008
458.002 244.138 528.002 243.121 445 262 471 262
412.911 310.999 413.195 292.987 390.551 304.951 391.741 293.972
318.823 205.002 318.986 223 326.383 233.975 327.115 244.992
406.02 567.999 406.451 584.015 385.602 478.96 386.398 491.04
227.984 566 228.015 583.002 265 479 265 488
319.814 336.988 320.086 355.999 326.109 322.976 329.057 336.21
452.936 179 453.136 151.994 417.742 201.979 418.114 214.997
458.884 325.472 475.846 329.629 421 320 439 320
554.787 181.463 561.546 159.908 487.768 217.232 492.056 203.017
559.725 181.162 564.642 159.143 491.358 217.07 493.881 204.172
569.534 574.965 571.046 597.997 496.984 484.001 497.783 506.973
210.988 286.426 235.995 287.159 256.016 289.249 270.022 288.349
422 142 442 142 390.973 177.06 433.995 175.817
488.813 196.999 488.879 185.005 442.711 215.012 442.861 206.014
526.705 412.028 527.7 387.028 465.296 373.026 466.791 355.982
390.553 529.035 392.136 504.009 375.365 453.97 376.218 435.963
394.696 530.013 395.137 507.003 378.281 454.007 378.719 437.019
455.672 516.015 456.146 495.003 418.932 476.998 419.631 445.992
30.015 359.45 82.0239 357.718 108.002 339.774 163.007 340.261
393.814 440.016 394.186 421.004 377.742 378.979 378.114 391.997
570.608 276.02 571.941 250.982 497.68 283.067 499.35 266.034
176.756 255.475 191.339 276.46 231.444 267.368 240.625 281.248
202.722 258.02 203.781 273.016 248.056 267.992 249.804 281.026
200.73 432.08 207.27 454.216 248.584 386.804 253.416 401.196
64.6051 421.91 68.1776 445.974 153.828 380.041 156.225 390.183
64.9902 420.17 85.9991 419.921 155.018 378.443 174.03 379.058
752.987 230.808 783.979 228.695 623.003 250.923 646.13 251.157
751.095 232.009 751.419 266.006 619.129 279.96 620.4 251.973
329.885 337.985 330.215 357.014 336.742 336.021 337.114 323.003
440.843 426.99 441.072 445.999 409 396 409 384
174.44 257.402 190.297 279.505 228.292 268.54 240.411 284.449
304.001 539.661 353.997 539.829 317.001 460.863 347 461.008
660.005 231.672 677.004 231.55 560.056 252.409 573.936 250.525
393.938 462.895 396.091 482.102 378.123 407.989 379.336 421.971
390.829 465.006 391.471 483.984 375.872 412.005 376.296 423.027
557.915 322.048 559.395 293.968 492 308 492 293
423.001 145.086 442.012 144.814 397 185 425 185
522.958 291.948 524.372 317.98 465.315 293.983 466.532 315.971
202.606 385.874 205.753 401.051 247.329 353.911 252.048 371.259
291.914 237.076 294.086 210.924 308.169 253.021 310.079 237.884
203.73 170.029 204.82 180.02 240.919 229.989 243.754 209.965
205.909 211.9 208.457 235.06 250.746 239.027 252.228 253.081
635.43 153.988 636.447 195.031 541.708 215.963 543.232 203.903
470.723 49.0039 470.877 19.9993 431 108 431 118
29.2288 320.021 29.8153 342.005 129.754 270.983 130.381 336.041
463.713 19.9565 465.486 49.0313 423.202 109.061 424.641 128.027
658.809 169.002 659.125 198.01 557.08 214.11 559.568 234.932
491.979 144.258 550.994 141.741 444.841 193.151 457.159 190.849
553.608 331.02 554.169 314.006 484.801 336.989 485.487 323.973
101.027 279.668 115.016 280.806 162.957 277.012 187.996 275.914
702.544 537.709 730.744 493.474 582.525 467.311 605.177 429.105
661.786 480.997 662.299 598.003 559.295 400.974 559.413 524.998
474.081 534.816 476.273 523.855 432.864 459.994 433.32 449.969
451.498 585.021 452.242 567.01 416.172 491.012 417.032 479.002
443.829 583.994 444.471 565.016 411.26 490.927 412.445 478.945
230.996 464.814 302.004 465.131 258 409 314 409
323.464 381.024 324.348 401.029 329.91 354.003 330.256 364.992
438.805 584.985 440.375 565.03 407.777 489.97 409.134 480.018
541 219 541 210 479.68 231.969 480.136 241.994
566.868 274.987 569.225 251.921 494.566 281.088 497.089 264.858
716.739 302.961 717.286 274.994 597.331 307.001 597.498 267.002
715.328 237.953 717.629 253.909 596 266 596 257
678.097 229.459 695.885 232.643 577.094 252.559 590.064 250.382
695.068 585.764 713.023 590.921 568.959 489.619 597.029 495.892
474.912 297.167 493.912 295.167 422.986 289.321 444.986 290.306
