659 198 658 169 559 234 557 215
655 146 629 113 554 193 539 173
628 113 555 115 537 172 488 172
555 139 635 137 489 189 540 188
265 255 265 271 289 268 290 277
286 252 265 253 302 265 291 266
285 274 286 253 305 279 304 267
237 428 224 427 270 385 258 384
300 377 133 376 258 349 202 349
302 381 301 419 315 354 315 410
135 468 301 468 202 411 313 412
134 597 133 511 201 473 200 413
134 559 301 560 203 473 314 474
303 561 303 597 315 476 316 545
134 381 299 380 201 352 259 352
295 343 291 365 310 326 308 339
292 369 297 343 311 343 312 328
135 423 302 424 258 382 314 382
302 469 302 507 316 413 315 439
332 533 331 514 335 458 334 444
351 534 350 521 347 455 348 442
364 483 364 503 358 395 356 438
303 536 302 556 317 447 315 470
324 469 324 488 329 416 330 424
332 487 331 470 335 423 334 413
216 438 216 445 257 384 256 395
218 447 236 447 257 397 269 398
237 446 238 430 271 397 272 387
634 470 557 469 542 412 489 413
555 428 636 427 485 385 540 384
555 470 553 451 487 509 486 387
638 521 638 548 500 539 488 540
632 567 556 566 539 479 488 478
647 543 639 559 549 462 541 477
555 519 639 520 488 446 544 445
554 570 636 570 487 481 541 482
238 580 237 564 271 489 272 479
216 566 217 582 257 478 258 489
285 383 266 384 305 355 293 354
265 386 266 403 291 355 290 367
286 404 287 386 305 366 305 357
297 124 142 127 323 178 203 179
338 132 323 116 341 185 332 175
400 130 381 130 382 183 357 182
491 161 492 146 444 202 444 195
494 181 493 161 447 216 446 204
453 203 530 201 422 232 451 231
365 152 398 153 369 196 380 197
132 149 354 147 200 195 339 194
131 151 132 204 199 197 200 230
299 202 134 204 314 231 272 230
301 208 300 243 314 232 314 291
134 294 324 293 199 294 312 292
132 332 131 296 200 318 199 296
298 333 130 334 313 320 279 319
301 318 300 333 315 294 314 318
316 104 315 124 325 165 324 178
370 103 346 103 361 163 326 164
552 117 516 119 486 174 459 175
506 163 505 182 454 203 451 228
516 182 517 162 462 216 461 204
527 198 507 198 470 227 456 228
635 195 553 195 543 226 487 227
636 194 636 215 542 230 542 256
628 240 555 241 540 258 485 257
553 239 552 223 486 255 485 232
552 199 633 198 487 230 540 229
300 179 299 200 315 196 314 230
133 207 298 205 201 235 313 233
132 250 285 249 268 264 312 262
300 245 132 248 295 260 265 261
266 229 284 229 291 249 299 249
263 211 264 228 290 235 289 247
284 208 265 209 304 236 292 235
286 228 286 214 304 249 305 238
398 179 397 157 381 217 380 202
395 156 367 155 379 200 361 199
366 157 366 165 359 201 360 232
356 245 355 153 353 231 352 216
352 155 351 181 349 201 350 214
331 161 348 162 331 202 346 203
320 178 319 167 327 215 329 204
354 151 302 152 344 197 324 196
352 190 353 226 350 234 349 247
351 227 327 228 348 248 337 249
328 226 330 206 334 248 333 233
320 203 322 224 329 233 328 247
442 147 421 148 420 195 383 194
423 145 441 144 383 192 409 192
461 146 458 179 423 196 421 216
453 204 452 223 418 230 419 246
485 239 516 234 441 258 452 255
510 206 509 223 457 234 456 245
516 225 516 205 460 247 461 235
472 203 473 224 432 234 431 244
494 226 495 209 447 245 446 236
472 166 473 181 432 206 432 215
463 197 464 143 426 221 425 195
533 200 534 219 472 231 473 242
491 144 550 141 456 190 470 191
550 172 551 141 484 213 485 206
236 472 217 472 271 414 259 414
216 473 216 495 257 416 256 430
208 493 207 474 252 429 251 416
204 474 205 493 249 414 248 428
301 508 134 507 313 439 266 437
238 483 237 473 272 424 271 416
216 491 229 490 258 427 270 426
287 564 266 564 303 476 291 477
266 565 265 581 290 479 291 489
288 584 288 566 305 497 306 478
236 520 216 519 271 447 259 446
216 521 217 538 257 447 256 457
219 539 237 539 258 459 270 459
238 537 237 521 272 458 272 449
16 527 38 528 122 451 144 451
27 542 8 540 128 462 115 459
655 287 554 286 554 289 485 288
551 265 552 246 484 269 485 262
553 245 635 244 487 260 545 261
285 340 266 341 305 323 292 326
135 338 300 336 203 322 290 323
132 362 133 339 199 342 200 324
264 343 265 359 290 326 290 337
267 360 278 359 291 338 303 338
286 361 287 342 305 337 305 327
302 338 301 376 315 324 315 348
236 315 235 297 271 307 270 296
233 297 216 299 268 295 258 296
215 301 215 316 256 298 257 309
216 317 234 316 259 309 269 308
326 109 341 125 332 169 343 181
399 312 397 272 380 308 381 279
395 271 372 272 379 278 365 278
364 254 365 286 357 262 358 285
365 295 363 308 358 295 357 317
350 311 351 294 347 306 348 295
321 249 322 267 329 262 328 273
332 250 333 269 337 266 336 275
353 315 301 316 350 308 316 308
264 299 265 315 290 295 290 306
285 297 265 297 305 296 292 295
286 314 286 299 304 308 305 298
267 317 285 315 292 309 302 308
519 358 518 341 462 337 461 326
506 339 505 367 453 324 451 349
525 378 503 376 469 350 454 349
552 337 622 335 487 323 545 322
636 378 556 379 543 350 487 351
553 382 636 381 485 353 540 354
458 336 528 335 434 321 451 322
451 315 436 315 417 308 410 308
430 269 429 247 402 277 401 262
422 247 422 267 398 262 397 276
453 269 401 270 395 278 383 277
398 202 398 190 381 276 381 223
398 187 372 186 380 221 363 220
402 293 403 309 384 292 385 303
453 225 399 225 417 247 382 248
530 287 460 288 444 290 423 289
495 268 494 251 445 278 448 265
473 254 474 269 433 264 432 275
510 250 509 267 456 264 458 277
517 270 518 257 461 278 462 266
454 271 453 292 419 293 418 306
453 314 454 403 419 324 418 338
453 359 403 360 416 338 380 339
402 381 403 399 383 352 384 368
452 404 401 404 418 369 386 369
460 465 458 429 422 409 421 384
506 465 465 466 456 409 424 410
399 403 398 321 382 368 381 354
482 424 529 425 423 382 470 383
533 428 534 451 472 385 473 400
528 467 509 466 469 411 455 410
531 450 530 465 471 401 471 410
503 376 461 377 450 349 424 350
465 396 460 385 421 347 423 325
552 313 551 292 486 317 484 294
554 378 551 339 486 351 485 340
660 368 660 398 558 343 559 365
552 360 532 360 551 391 553 369
525 569 524 593 471 496 470 504
501 569 502 589 450 481 452 502
460 598 459 565 422 501 423 493
459 563 506 562 423 476 446 475
507 564 527 565 448 476 469 478
537 573 537 589 473 481 475 494
132 290 131 269 200 288 199 274
120 268 78 269 187 275 163 277
214 255 215 271 255 267 256 278
238 282 234 253 271 280 270 267
298 289 134 291 271 291 253 291
459 421 457 383 422 379 422 353
458 381 507 381 424 352 471 353
535 392 536 401 472 354 475 367
531 404 530 419 471 368 470 378
530 421 510 422 468 379 458 381
501 421 481 420 449 380 438 379
496 403 496 389 446 368 447 357
552 448 553 428 487 383 485 370
215 343 216 359 256 323 257 337
218 360 235 360 259 339 270 338
236 358 237 339 270 336 271 324
528 243 458 244 470 258 445 259
457 247 530 246 418 263 443 261
533 292 534 309 472 291 474 313
457 292 529 290 420 292 470 291
215 387 216 403 257 354 256 366
234 383 217 385 269 354 260 355
237 404 236 385 270 368 271 356
218 403 235 405 257 368 267 368
460 468 530 471 423 412 451 413
460 507 458 473 422 447 421 414
469 543 461 517 428 463 424 448
512 560 471 559 469 475 442 473
532 546 531 559 471 465 471 474
534 530 535 543 472 446 473 463
460 513 523 514 424 442 469 444
504 509 460 510 469 440 423 439
553 497 532 496 485 432 473 431
508 511 509 495 455 440 456 431
520 492 519 476 462 430 463 418
504 474 503 491 453 415 451 425
266 429 267 446 291 388 291 395
285 444 284 429 303 397 304 386
689 485 728 489 577 424 604 427
730 493 702 537 605 429 582 466
661 480 662 597 559 400 559 524
474 475 475 491 433 414 432 427
477 493 496 492 434 429 446 428
496 490 495 473 447 426 446 415
519 544 520 525 463 460 462 450
512 526 513 543 457 450 458 463
287 490 287 474 305 426 305 413
267 492 285 491 291 427 303 427
266 473 266 491 291 414 290 424
287 539 288 528 305 458 304 447
287 521 267 519 302 446 292 447
266 520 269 538 291 448 292 460
270 539 285 540 294 459 304 460
474 298 474 312 432 297 433 308
498 585 497 568 447 492 448 481
496 566 476 568 447 479 435 478
475 570 476 586 433 479 432 492
478 586 496 587 434 492 445 492
300 420 136 420 313 379 262 379
476 523 474 534 433 449 432 459
475 541 495 543 433 461 446 462
507 283 507 252 455 288 454 266
455 588 402 588 402 495 381 492
455 544 455 586 418 478 419 494
451 585 452 567 416 491 417 479
444 565 443 583 412 478 411 490
230 464 135 464 314 409 258 409
15 518 1 522 124 445 46 465
496 447 495 429 447 397 446 385
474 430 474 447 432 388 432 395
476 449 487 447 432 398 444 399
473 342 474 358 432 325 431 335
495 340 475 341 446 326 434 325
495 360 496 342 447 337 447 328
533 337 534 356 472 323 473 337
527 333 509 332 469 319 457 320
530 313 529 331 471 305 469 317
450 444 451 428 415 397 416 384
424 425 423 445 399 382 397 396
403 426 404 443 384 383 385 393
64 420 85 419 169 343 198 342
449 357 450 339 415 336 416 323
440 354 439 335 409 336 408 323
433 336 432 355 405 323 404 335
353 252 353 270 349 248 350 276
534 155 535 174 473 197 473 209
627 424 554 423 542 381 488 382
637 385 638 420 541 354 543 379
430 356 429 337 402 336 401 323
413 335 414 357 391 324 391 332
403 338 404 354 384 323 385 335
293 168 291 191 309 207 308 222
294 191 295 169 312 217 311 209
45 382 1 383 143 352 102 353
1 366 61 367 101 343 151 342
339 271 302 271 341 278 320 278
307 270 308 250 319 277 319 265
214 166 215 183 256 206 257 218
233 165 216 167 270 207 257 206
234 185 235 168 269 220 270 209
235 553 247 546 270 469 279 464
249 545 251 521 280 463 280 450
246 529 247 540 278 447 277 461
300 557 135 555 259 471 202 470
272 166 264 166 303 206 291 206
261 187 260 201 290 208 287 229
286 187 284 165 304 219 304 207
120 578 109 583 191 486 47 541
24 563 2 570 127 476 10 513
489 99 488 39 443 158 442 114
480 18 344 22 437 107 347 107
342 23 343 100 344 108 343 161
135 510 300 512 202 440 313 441
414 248 416 265 391 262 392 274
420 264 419 249 395 274 394 262
624 333 554 332 546 319 488 320
10 223 10 210 119 249 117 235
100 217 47 217 180 241 147 241
132 208 131 242 194 245 193 257
333 382 334 401 337 352 336 363
349 400 352 380 347 363 348 352
353 359 354 378 350 338 350 349
352 359 334 360 349 338 316 339
354 381 355 597 350 353 350 379
353 315 353 357 349 309 351 335
438 266 438 250 408 275 407 262
422 380 423 401 397 356 398 366
430 403 431 385 402 366 402 355
433 383 434 401 405 353 404 366
443 383 443 401 412 352 411 365
449 400 451 382 416 364 415 355
552 290 659 290 487 291 557 292
423 291 422 314 398 291 397 304
421 202 422 223 397 232 398 245
401 203 402 222 383 230 384 242
324 514 324 535 330 445 331 456
305 518 321 517 317 445 329 445
323 381 324 401 329 354 330 364
629 130 561 131 536 182 493 183
415 567 417 585 392 479 393 491
438 584 440 565 407 489 409 480
325 314 324 296 331 307 330 294
341 293 342 304 333 292 334 306
542 449 541 428 478 398 477 385
634 516 557 515 542 443 488 444
637 472 639 504 541 415 542 441
554 474 635 473 488 416 540 416
392 161 393 183 378 205 377 218
455 472 454 493 418 385 419 443
454 449 402 449 417 399 383 399
364 207 364 243 358 238 357 259
236 210 223 209 269 236 256 237
236 229 236 214 270 249 271 238
215 229 234 230 256 248 268 250
454 493 403 494 418 429 386 429
451 491 452 472 416 427 416 414
502 431 503 450 451 386 452 405
321 443 320 426 328 393 327 384
450 224 449 204 415 244 416 232
351 578 352 560 348 488 349 477
354 583 304 584 339 491 317 490
438 311 437 292 408 304 407 292
433 292 432 311 405 292 404 304
410 265 409 249 389 273 388 263
460 266 461 249 424 279 423 266
413 292 412 310 391 293 390 304
350 489 351 470 347 425 348 413
1 496 19 497 1 429 123 430
23 502 61 504 125 434 151 435
53 508 23 508 153 438 128 438
318 223 318 206 327 244 326 234
406 567 406 583 385 478 386 490
227 566 228 583 265 479 265 488
320 355 319 337 329 336 326 323
453 151 452 178 417 201 418 214
506 332 459 333 439 320 421 320
561 159 554 180 492 203 488 216
559 181 564 159 491 217 493 204
571 597 569 575 497 506 497 484
210 286 235 287 256 289 269 288
66 594 100 582 48 537 177 488
392 292 394 312 377 292 378 306
515 117 393 122 433 175 391 177
459 557 458 515 423 474 421 449
489 181 489 166 442 215 442 207
524 381 524 409 466 355 465 372
390 529 392 504 375 453 376 435
395 507 394 529 378 437 378 453
455 517 454 542 419 445 418 476
121 363 1 364 163 340 108 339
394 421 393 440 377 378 378 391
570 276 571 251 497 283 499 266
569 251 566 274 497 264 494 280
191 276 177 255 240 281 231 267
203 273 202 258 249 281 248 268
200 432 207 454 246 387 249 397
210 453 203 431 253 401 248 386
696 351 771 350 581 332 626 332
721 369 704 368 599 345 582 344
68 445 64 422 156 390 153 380
525 464 525 432 467 409 468 390
522 430 523 459 465 389 464 407
751 232 751 265 620 251 619 279
333 341 332 356 337 323 336 335
441 445 440 427 409 396 409 384
174 257 190 279 228 268 239 283
353 539 304 539 346 461 317 460
717 274 716 301 597 267 597 306
717 253 715 238 596 266 596 257
393 462 396 481 378 407 379 421
391 483 390 465 376 423 375 412
403 116 381 117 385 173 371 172
562 309 561 293 492 308 492 293
713 590 695 585 597 495 569 489
94 343 57 343 175 328 146 327
522 291 524 317 465 293 466 315
205 401 202 386 252 371 247 354
294 210 291 236 310 237 308 252
6 535 52 534 116 457 137 456
195 170 194 184 243 209 240 229
208 235 205 212 252 253 250 239
59 309 86 310 147 303 195 305
88 280 99 281 168 284 186 283
470 19 470 48 431 108 431 118
57 325 90 324 147 314 170 313
91 329 55 328 170 317 148 316
91 321 55 320 172 312 156 310
54 332 90 331 148 319 172 318
29 320 29 341 129 270 130 335
465 49 463 20 426 128 427 118
